250
1.0 0.25 0.4 0.65 0.8
81 40
71 199
49 39
77 211
61 0
77 327
28 340
28 262
22 324
25 350
76 168
19 344
95 131
44 293
75 191
31 327
44 187
45 353
43 134
38 344
70 349
34 354
97 263
88 107
56 99
36 338
62 377
75 29
17 358
35 247
47 0
12 256
31 170
59 13
70 473
82 341
28 349
19 261
8 348
29 379
31 99
83 402
103 219
93 382
99 301
89 383
83 37
62 394
64 342
122 246
18 346
74 444
51 0
92 355
58 52
63 239
79 227
56 401
109 178
89 142
1 246
15 138
92 354
53 69
83 302
82 103
76 86
87 286
37 32
88 212
92 69
78 385
90 79
97 260
87 370
78 249
34 347
21 372
37 349
52 296
26 340
110 295
89 0
86 33
82 29
52 183
79 415
34 370
11 352
96 373
63 28
62 0
84 434
72 390
58 267
52 7
99 85
70 68
47 166
53 310
64 18
85 233
81 283
19 250
54 160
91 0
13 344
31 146
92 0
19 277
46 441
63 323
62 362
15 366
16 357
70 180
85 338
10 262
55 238
15 352
56 162
54 452
75 178
83 382
38 401
74 453
25 16
69 265
27 130
9 239
61 399
56 184
69 233
78 49
39 255
98 465
87 256
37 318
23 323
68 401
81 24
86 432
57 49
49 105
31 139
39 114
112 191
45 90
97 225
89 195
7 260
74 19
76 289
109 337
38 245
115 216
78 0
81 35
45 133
31 116
1 371
64 25
22 356
87 404
97 276
68 398
50 88
72 189
38 90
41 29
17 260
88 253
87 391
85 173
99 345
88 347
87 117
69 217
72 105
34 348
57 415
25 268
20 249
81 322
88 435
74 491
1 249
74 298
20 314
19 242
97 412
84 277
60 315
70 489
2 275
87 386
59 306
94 315
21 360
35 0
61 345
57 44
50 356
96 243
75 215
83 372
65 319
75 176
81 169
62 418
14 335
53 273
86 317
55 65
79 369
110 321
77 180
50 123
31 325
78 447
46 104
96 69
82 449
60 156
20 350
110 217
77 68
12 354
60 396
74 245
52 71
71 176
57 41
81 179
18 88
70 311
54 425
66 182
95 7
49 171
87 348
60 97
69 26
81 204
75 124
70 244
118 2
32 173
79 40
93 292
