500
1.0 0.25 0.4 0.65 0.8
32 467
67 440
13 238
47 17
46 493
42 516
63 0
13 249
78 73
99 721
54 422
43 451
56 496
49 43
71 701
48 50
78 0
46 42
79 711
53 33
39 483
59 90
24 524
53 538
34 498
75 650
11 289
28 300
88 486
79 399
91 797
61 96
60 394
26 267
50 22
92 673
113 734
40 515
51 131
25 494
64 0
31 568
84 115
85 672
24 282
1 231
90 645
68 28
32 499
102 712
95 720
68 204
68 497
110 858
90 69
92 603
13 287
46 569
43 509
96 376
90 669
25 191
94 430
89 701
99 652
68 109
30 578
53 32
73 161
84 566
66 15
74 106
21 208
83 445
59 158
99 104
1 501
56 129
93 675
72 29
69 89
51 528
39 326
16 270
103 591
28 482
80 61
1 514
41 504
19 474
32 515
84 549
94 574
95 675
63 553
84 55
86 732
58 420
87 111
26 577
117 700
70 160
100 118
57 531
46 532
70 19
54 52
72 89
4 474
78 623
48 75
71 692
56 352
58 133
87 95
91 33
79 458
1 218
81 486
34 511
45 50
32 510
55 533
58 37
41 389
87 57
1 325
12 481
43 546
41 548
4 263
87 64
77 452
66 81
54 2
89 46
25 499
85 418
59 384
39 40
45 68
82 356
35 86
113 30
96 674
72 483
58 57
77 397
94 766
61 48
72 137
32 565
87 421
19 232
92 485
20 241
108 427
60 200
12 281
88 520
88 96
42 476
46 542
52 527
38 503
65 518
120 720
11 196
44 469
87 404
14 271
50 345
74 435
77 81
53 106
70 68
1 342
73 93
57 360
65 563
32 500
91 8
1 493
102 44
65 38
77 47
23 488
71 91
79 121
82 603
14 302
63 181
22 270
82 20
88 625
76 48
92 443
39 490
38 484
2 262
7 285
71 40
38 440
29 510
44 109
34 486
48 558
70 166
70 474
50 105
86 100
89 58
39 487
70 650
63 462
82 93
33 354
58 79
95 672
69 454
72 89
30 293
103 56
85 729
92 55
39 0
93 612
81 421
39 437
46 445
57 395
41 495
97 59
38 402
71 638
52 516
24 600
91 155
21 198
21 352
78 426
66 390
77 56
13 256
9 491
89 685
45 567
7 511
60 136
71 114
94 52
48 398
6 196
92 679
43 53
71 554
77 661
31 316
50 511
81 41
6 482
1 219
52 45
1 194
75 92
84 715
67 403
81 368
52 535
84 80
74 35
96 489
107 103
88 87
40 36
58 97
35 470
74 487
76 34
47 134
37 508
71 369
93 174
76 663
77 631
25 235
57 74
51 527
45 55
67 59
25 490
15 327
22 584
96 641
54 77
60 92
33 452
47 410
69 144
79 144
87 609
62 406
38 491
88 0
75 607
38 410
55 295
55 15
11 321
8 279
12 467
68 76
90 85
32 505
94 756
75 127
24 518
55 523
55 3
71 196
78 452
14 314
93 113
86 77
49 589
1 522
46 513
55 474
80 639
76 76
81 458
80 443
108 48
52 485
84 564
29 89
81 372
103 672
74 576
84 484
39 469
47 556
10 187
75 229
29 523
31 457
37 323
90 383
36 588
59 392
1 255
39 76
52 96
94 594
26 530
76 102
43 203
109 135
61 116
5 467
18 243
77 422
97 733
38 521
30 472
31 478
27 590
72 1
57 336
101 767
60 28
67 468
20 220
29 492
74 508
89 92
105 722
69 77
30 507
95 418
1 323
38 546
39 516
74 99
78 22
49 397
86 60
78 0
49 516
52 578
75 803
42 565
33 467
42 151
101 76
90 61
92 754
68 243
67 18
61 594
77 165
74 387
89 256
13 532
21 260
77 170
97 664
121 24
80 313
59 416
63 120
1 432
91 721
30 496
91 846
38 519
51 560
58 107
84 126
84 41
44 391
95 586
73 414
58 83
71 487
1 519
74 36
76 584
7 524
87 405
88 739
62 546
51 382
76 700
14 484
85 486
48 197
105 3
64 572
69 213
52 333
109 730
92 55
47 491
75 93
20 518
1 490
55 384
71 603
91 697
81 649
66 396
55 3
83 583
39 493
87 630
29 430
90 393
52 539
57 107
104 459
52 455
34 493
83 778
33 339
87 432
31 453
75 70
71 75
124 7
6 213
61 347
38 492
81 368
71 136
27 590
40 603
76 134
25 332
110 725
33 497
70 437
35 508
64 111
83 115
84 687
78 33
50 56
51 13
90 616
58 43
58 122
48 364
10 250
69 392
86 101
1 530
4 255
48 523
29 472
