350
1.0 0.25 0.4 0.65 0.8
38 139
70 491
34 519
73 62
76 198
49 400
70 473
40 448
86 300
49 427
108 297
57 335
82 59
73 159
39 558
46 67
84 23
59 351
107 455
54 185
98 357
15 570
66 503
50 240
58 381
75 205
53 379
116 365
80 123
88 378
49 370
44 494
38 541
98 417
67 186
92 408
104 301
85 336
61 236
62 395
57 371
20 570
76 351
97 324
75 352
39 103
80 317
60 429
55 486
71 275
104 262
103 399
75 207
80 210
29 475
6 577
86 302
65 188
40 232
33 542
51 129
66 113
1 568
9 540
50 351
76 312
89 257
8 270
31 603
91 190
39 286
77 367
51 235
72 347
100 250
111 517
106 468
20 566
19 561
18 564
71 201
26 595
87 13
27 109
111 534
31 187
73 53
39 182
80 423
25 547
61 126
95 382
41 499
55 472
47 222
88 153
38 125
45 49
64 289
90 200
59 439
103 0
57 245
82 108
25 150
70 41
66 248
29 364
71 403
39 237
94 555
83 125
77 210
78 12
68 263
72 195
79 74
42 201
18 556
60 205
94 373
48 481
94 50
95 304
40 439
63 274
73 451
84 355
112 65
63 438
26 187
14 542
42 570
76 154
49 495
43 506
78 330
74 241
51 384
64 148
109 393
80 0
32 530
100 432
70 129
16 524
93 334
69 115
47 360
39 476
92 148
104 114
40 275
72 445
57 263
68 105
75 247
24 527
51 273
57 27
73 457
76 354
73 502
83 73
98 50
28 508
33 513
36 282
79 175
94 0
104 52
100 60
105 358
93 318
20 564
33 479
33 252
54 387
65 402
12 554
49 524
62 260
58 277
91 48
100 0
85 446
47 212
10 536
71 365
32 510
94 239
69 107
60 385
47 385
46 56
69 208
41 304
45 177
78 200
52 83
38 223
74 225
45 513
3 580
99 109
33 498
15 525
50 410
88 250
65 409
24 595
98 318
39 208
66 486
97 184
121 418
92 561
34 547
42 259
51 258
107 22
14 562
79 416
35 242
70 388
65 254
54 136
78 24
94 11
46 322
41 79
36 63
71 74
39 373
57 35
114 245
55 431
67 205
47 252
105 264
60 369
74 145
71 356
30 241
75 158
80 374
127 460
5 537
70 240
87 85
96 83
65 68
52 361
79 64
23 565
90 503
45 533
12 565
88 20
101 348
53 132
25 146
33 505
90 0
87 407
71 347
89 331
25 89
54 298
89 356
8 563
47 410
42 188
68 411
108 20
92 309
61 71
14 361
83 224
21 253
111 461
54 121
68 288
62 234
66 410
58 528
91 285
85 5
62 318
11 535
59 114
54 246
44 403
49 223
54 175
54 334
66 507
44 429
84 386
79 384
56 403
6 585
37 424
78 374
79 249
47 479
75 222
9 600
82 43
93 416
105 286
40 395
59 121
88 0
14 535
45 244
46 377
104 451
110 352
39 300
110 190
17 102
1 572
89 156
55 386
39 536
74 394
58 193
87 343
67 161
70 359
54 218
72 114
81 14
70 282
99 0
79 455
43 310
50 377
76 394
96 104
10 536
28 420
71 113
106 304
65 371
9 542
24 141
77 339
56 241
