150
1.0 0.25 0.4 0.65 0.8
33 76
20 16
11 13
1 15
9 55
22 34
1 36
7 57
1 31
26 71
8 52
44 22
6 43
3 58
26 0
1 5
52 11
42 71
32 51
3 68
2 54
6 60
5 12
33 14
1 41
41 68
1 5
28 48
1 31
1 39
58 65
1 33
1 0
24 69
13 61
6 14
7 44
11 23
51 16
13 4
30 30
7 37
25 23
1 12
20 19
17 62
30 24
1 67
1 15
6 35
31 32
1 8
1 0
1 57
1 38
41 49
1 0
26 52
1 23
14 68
31 22
22 35
1 63
1 58
20 66
35 30
12 65
61 0
1 22
25 65
1 38
31 34
7 34
1 12
8 81
1 40
13 82
7 73
1 23
47 58
24 71
22 70
8 45
1 72
1 45
2 60
1 62
30 71
38 0
8 32
1 10
1 73
39 61
1 43
14 70
20 39
2 30
1 54
10 21
3 74
1 57
6 22
1 15
26 60
1 4
50 2
30 17
1 49
31 14
16 49
1 62
5 15
45 64
25 39
10 84
11 58
1 16
1 56
9 66
40 22
4 65
1 62
41 0
11 15
7 31
24 56
1 74
1 15
2 27
19 58
1 76
18 19
5 0
31 49
22 52
1 13
1 59
2 22
1 55
1 30
19 12
7 57
1 64
1 58
1 72
26 5
2 40
49 40
21 45
34 69
