100
1.0 0.25 0.4 0.65 0.8
58 159
37 92
58 145
55 182
96 130
98 183
129 141
47 143
17 3
61 122
58 199
53 35
71 19
2 7
62 119
92 0
92 95
94 131
29 23
1 8
26 217
48 178
15 4
96 155
69 38
93 37
84 177
2 2
95 4
126 103
95 46
41 75
5 0
93 94
54 154
48 162
71 42
51 120
128 199
106 173
48 12
54 128
62 20
107 143
23 14
120 67
94 57
46 178
174 75
8 10
15 10
53 27
36 150
101 98
17 7
87 0
142 101
52 159
63 9
57 176
32 10
103 27
60 16
42 137
70 87
124 95
54 14
80 158
64 77
106 109
121 99
55 111
21 6
38 183
82 161
97 136
91 112
48 183
30 172
58 132
1 5
80 57
16 0
13 6
103 206
1 0
23 16
58 156
86 111
111 119
70 39
101 128
52 168
85 100
39 0
79 114
60 19
30 6
102 87
18 2
