400
1.0 0.25 0.4 0.65 0.8
88 205
140 202
52 86
104 311
37 378
88 228
41 288
35 385
42 224
30 504
42 256
77 258
43 230
45 206
68 335
30 536
74 435
68 355
50 377
1 0
3 543
46 199
34 417
98 108
33 460
55 379
40 396
72 287
81 70
51 19
42 426
69 451
81 82
105 177
34 244
41 205
60 15
70 246
93 213
88 377
75 95
34 202
109 530
81 249
53 253
46 241
49 400
42 196
103 154
98 533
43 266
48 216
101 266
119 182
69 341
39 363
69 0
39 275
45 240
101 31
75 328
38 419
45 260
21 491
73 344
56 366
38 259
44 262
55 392
29 412
118 186
45 31
91 28
39 266
45 268
94 221
32 447
70 313
89 48
14 489
59 444
44 215
41 216
45 247
87 318
60 315
56 403
43 0
50 5
40 187
66 469
1 318
98 43
44 231
74 253
36 470
22 328
47 249
43 405
30 463
49 453
59 31
31 0
58 472
5 431
53 460
64 79
12 478
45 233
47 413
8 527
111 283
55 460
100 202
3 551
104 324
63 535
39 228
36 494
42 220
117 191
54 398
71 278
53 540
81 154
44 403
54 390
83 293
51 151
51 466
113 43
51 457
96 482
39 407
55 426
58 401
109 302
55 446
76 506
50 272
82 142
98 215
109 84
60 378
60 529
9 392
46 282
60 10
64 7
42 211
71 259
91 250
28 478
87 277
61 0
14 525
89 278
64 421
70 400
94 243
132 304
53 402
12 462
78 268
86 184
62 67
101 31
53 231
50 211
48 211
20 312
1 550
42 389
95 184
62 370
85 320
98 164
62 434
58 430
96 243
60 220
50 409
56 408
36 376
74 409
70 366
45 220
59 409
38 318
66 0
67 296
46 341
83 281
6 403
15 533
45 245
47 221
102 311
42 238
59 455
53 420
46 411
97 156
43 64
54 310
82 297
55 267
38 249
56 251
45 272
44 265
122 43
38 304
90 230
45 224
48 390
11 505
38 459
87 58
44 420
60 29
98 309
89 104
81 476
111 130
129 149
94 0
50 302
92 341
18 328
40 212
50 449
36 550
51 413
92 119
67 531
55 209
57 419
43 397
48 259
104 46
92 53
108 230
94 500
135 143
45 437
95 139
82 42
26 541
19 409
48 342
49 373
35 190
87 145
54 392
50 425
83 198
50 402
6 305
49 440
99 160
49 402
51 400
92 208
51 240
101 296
48 211
20 531
61 260
57 303
56 66
53 357
53 310
83 189
1 402
61 52
55 296
22 479
48 241
98 148
58 352
32 449
54 234
40 251
42 258
58 440
86 63
78 320
49 496
66 225
70 333
47 235
1 303
45 227
36 430
72 453
43 206
46 205
1 538
14 407
19 575
43 220
60 425
12 428
48 229
65 191
96 176
40 563
112 25
85 278
44 419
75 382
35 547
69 365
67 276
43 233
46 439
47 474
43 238
44 238
92 156
78 236
1 404
28 476
46 241
86 227
97 279
17 507
1 499
39 451
49 367
87 169
31 247
35 332
88 149
58 0
10 311
47 249
41 231
36 223
59 497
44 308
48 242
1 0
52 454
102 199
86 282
91 295
35 390
35 264
88 55
39 248
40 229
1 2
47 238
50 266
47 223
59 393
98 112
50 212
115 342
116 268
50 76
20 306
51 247
48 238
41 224
44 221
18 296
65 469
72 305
93 256
37 255
115 57
67 397
62 431
94 277
52 229
23 532
89 210
52 463
53 361
38 224
104 117
91 526
50 421
63 319
37 376
58 338
97 138
121 170
39 230
64 0
19 398
32 421
40 468
106 97
128 80
71 299
98 246
