450
1.0 0.25 0.4 0.65 0.8
38 488
49 228
39 281
48 454
86 0
16 436
55 295
90 56
55 189
78 104
56 121
13 291
64 257
95 465
53 249
43 485
47 288
47 0
61 241
40 415
47 66
24 446
50 262
5 273
30 448
56 390
36 542
7 293
57 252
41 0
28 461
32 450
71 239
59 285
47 50
57 14
77 217
29 481
40 599
44 449
69 160
63 171
74 422
47 232
37 247
37 442
79 171
53 538
44 59
42 518
51 375
62 287
56 154
61 229
69 393
25 490
8 275
1 275
33 438
44 279
82 455
28 260
107 242
33 253
41 357
67 294
59 330
45 218
83 35
40 468
40 441
67 39
48 548
46 482
86 162
25 283
40 527
11 456
44 509
18 47
61 191
36 476
29 433
12 404
43 436
58 280
89 438
58 263
66 151
18 77
45 530
80 165
74 64
48 242
35 63
46 289
63 340
86 432
74 260
14 299
33 76
91 505
15 86
36 510
83 202
76 266
44 218
27 95
47 251
31 65
48 293
34 331
34 293
57 288
76 332
58 214
36 536
48 271
55 347
31 70
89 272
77 352
31 465
69 188
62 235
54 231
56 258
39 563
27 269
61 320
44 457
85 220
51 441
34 84
67 217
50 256
26 479
59 207
1 448
41 432
103 278
103 195
41 198
25 91
76 326
75 4
63 247
76 238
55 117
3 273
33 230
42 261
44 457
15 299
65 239
65 420
90 0
69 223
35 510
92 328
52 194
42 546
15 441
63 197
40 365
45 263
48 116
40 260
81 299
56 432
46 346
67 229
28 67
26 266
49 118
46 233
43 335
1 294
40 235
48 33
21 444
35 132
21 461
50 543
43 505
49 542
45 471
55 461
26 432
52 488
57 192
25 280
82 0
53 141
72 48
62 0
50 486
53 216
43 26
20 255
99 343
1 469
62 164
55 270
66 225
38 102
87 162
60 224
27 473
34 473
40 254
46 432
43 479
53 254
6 463
43 371
34 360
47 133
107 206
59 179
34 396
99 405
33 326
33 454
43 48
4 280
13 279
37 363
44 477
62 210
43 528
61 111
53 319
88 62
6 464
4 432
41 372
59 124
96 385
40 143
61 130
42 478
48 419
84 109
90 49
52 488
25 280
40 520
36 406
58 115
23 263
52 389
11 451
35 538
33 409
79 430
45 509
85 187
48 329
54 251
55 279
43 333
25 92
88 424
29 528
51 135
40 235
40 580
41 279
23 123
75 0
50 505
51 527
45 541
34 62
55 333
12 463
43 448
43 229
42 453
38 344
37 276
82 502
43 377
55 452
93 15
50 349
47 239
73 311
13 292
26 445
51 271
47 266
46 391
36 371
85 220
37 535
6 304
44 121
76 401
50 447
19 464
72 243
46 240
7 296
30 442
80 144
37 98
59 236
18 381
74 231
48 234
38 124
74 0
48 188
73 0
68 58
41 368
46 488
30 471
44 80
37 282
18 469
46 74
103 48
84 147
38 561
61 267
60 224
40 510
62 463
35 529
73 234
58 277
52 245
54 316
60 155
36 331
40 147
33 388
32 105
40 278
41 430
32 265
62 225
88 436
59 257
85 0
60 229
25 112
45 536
79 24
43 95
78 217
83 272
34 112
48 233
51 233
51 103
34 229
57 203
66 225
61 258
79 194
8 410
35 302
95 53
51 334
58 163
36 535
58 271
58 168
18 453
33 125
40 274
77 172
69 125
48 554
52 257
71 0
42 408
61 255
59 441
62 261
13 274
72 46
28 104
41 116
81 445
75 123
42 348
47 189
45 443
45 407
33 461
41 263
37 551
82 60
50 281
46 252
88 108
55 232
44 541
48 350
31 560
31 449
68 298
1 470
47 266
32 236
48 470
48 342
47 521
26 296
42 156
46 406
51 88
50 270
63 426
71 320
30 121
48 218
52 276
10 290
18 291
49 556
94 476
63 205
46 247
41 467
58 267
40 279
14 453
48 217
35 291
63 447
56 518
1 291
104 80
67 0
86 183
53 258
63 163
83 0
77 46
53 321
29 116
36 509
55 228
49 494
