300
1.0 0.25 0.4 0.65 0.8
13 323
37 173
79 0
42 25
28 108
27 305
5 221
84 165
30 145
59 0
52 94
28 63
88 55
59 16
48 16
67 178
34 168
51 3
83 159
54 125
85 348
34 71
9 34
35 1
1 265
61 156
68 158
82 413
1 252
34 96
36 89
37 123
89 318
65 209
92 78
63 194
13 305
10 211
35 98
42 99
32 122
22 48
64 0
60 6
9 201
71 304
59 151
40 265
16 216
29 39
83 124
36 306
27 195
71 96
18 79
19 45
38 151
67 130
6 235
9 255
75 160
50 134
98 61
59 0
82 226
34 165
27 104
7 319
13 207
86 152
38 119
9 30
24 132
63 131
20 315
30 111
85 37
97 342
36 0
30 74
1 310
29 145
49 57
32 295
46 68
9 306
50 0
100 362
40 30
31 96
49 0
14 201
20 260
52 38
24 139
13 87
48 316
70 371
90 7
88 411
31 173
102 282
81 170
31 309
103 329
69 0
44 66
72 196
26 167
61 0
83 84
69 193
36 154
29 104
24 98
102 394
19 299
72 199
54 284
33 131
31 142
38 0
94 368
93 418
58 284
13 309
1 279
30 141
38 0
82 153
78 167
19 56
21 307
78 73
70 129
42 38
5 303
20 203
94 341
73 125
104 322
30 21
34 172
78 310
32 134
71 320
70 326
39 24
59 12
75 154
47 13
20 133
2 217
84 60
86 382
20 177
94 363
22 238
6 243
51 33
48 140
83 36
20 248
70 2
6 310
32 91
31 115
28 151
37 13
45 31
20 48
56 164
92 412
17 155
89 18
86 402
12 237
79 399
46 53
98 390
94 434
29 101
61 25
50 122
29 103
96 343
38 17
43 100
7 317
24 105
11 206
1 318
23 247
94 330
32 295
64 56
37 86
11 238
13 185
42 54
56 26
75 175
61 235
68 38
39 100
29 165
14 288
13 39
97 103
64 142
40 149
21 313
72 185
102 364
47 38
34 49
56 0
15 308
53 6
1 290
92 351
46 165
13 262
65 167
50 176
28 74
34 273
35 192
31 167
89 244
32 158
15 227
23 11
91 436
78 188
37 163
92 389
18 0
33 116
89 393
69 9
86 71
16 313
48 98
26 23
35 38
56 173
53 33
35 111
98 307
52 144
50 41
5 233
13 186
24 318
28 148
27 121
11 287
27 87
90 342
32 119
69 203
40 95
41 149
94 342
24 69
15 331
57 251
1 310
38 105
82 404
17 314
85 149
91 374
17 248
42 50
23 114
51 147
48 165
31 157
21 239
85 207
1 298
21 213
96 335
55 61
12 244
96 364
41 13
62 26
59 3
90 25
20 83
48 120
69 199
8 239
13 195
41 29
82 336
82 127
