200
1.0 0.25 0.4 0.65 0.8
60 209
38 42
65 218
58 332
44 76
66 225
64 342
66 177
67 83
31 60
4 105
48 32
66 262
24 104
52 222
72 268
29 165
69 322
86 275
36 175
24 152
77 399
87 154
38 162
64 238
83 289
73 295
82 229
75 354
30 199
85 281
55 337
42 95
74 304
71 341
36 170
67 294
76 286
23 183
30 100
63 71
40 81
69 266
34 80
76 238
36 164
40 128
26 117
79 319
3 103
23 204
94 228
94 268
58 72
27 365
82 398
25 187
79 270
63 245
42 78
24 56
77 358
58 312
71 325
43 0
81 297
76 350
72 302
22 379
27 88
67 248
64 390
54 303
71 171
16 63
27 201
77 39
20 74
20 100
68 212
54 406
66 3
43 114
45 213
74 61
67 279
27 106
8 212
58 55
55 273
4 158
79 275
87 321
15 160
93 326
73 214
89 248
44 60
38 64
52 267
55 361
46 0
91 216
44 174
86 239
26 107
87 234
88 281
35 73
73 230
70 315
8 114
27 85
74 298
90 352
62 278
44 162
43 45
29 44
78 356
68 396
26 63
68 389
31 81
1 122
17 207
36 57
69 288
78 343
56 246
2 99
86 410
1 211
34 149
74 304
62 33
64 260
74 286
35 57
90 325
17 98
78 212
36 130
84 260
55 206
37 135
56 323
72 419
86 309
11 189
36 55
30 61
41 332
60 57
72 304
72 231
62 291
75 190
3 187
28 62
74 190
54 217
45 150
25 121
61 247
78 336
68 371
60 345
27 134
64 365
86 223
54 336
64 307
69 52
68 223
69 299
40 165
61 287
20 201
66 205
20 91
52 20
34 129
27 69
4 152
59 55
48 170
18 75
60 350
35 96
49 0
15 54
82 161
28 84
73 227
72 29
42 123
74 255
28 148
54 308
