50
15 15 18 199 87
24 17 25 85 4
11 22 13 475 9
27 5 2 270 26
1 10 2 423 63
3 6 27 95 25
23 28 18 111 31
28 20 26 362 18
19 26 11 117 16
26 8 12 340 47
23 8 21 1 32
13 25 24 42 31
24 9 4 45 6
8 23 18 399 25
1 15 16 350 25
14 19 9 262 45
7 2 1 352 10
22 22 12 14 24
27 23 3 217 41
21 17 24 446 22
28 23 7 72 18
7 1 17 236 6
6 22 5 182 7
14 19 3 439 26
22 4 14 30 62
3 1 3 150 37
9 26 21 443 11
18 3 26 372 13
9 20 25 280 5
16 21 2 416 76
11 11 6 306 46
3 26 10 460 39
7 17 2 296 34
6 26 24 354 18
29 14 9 172 43
6 29 10 203 18
23 15 7 410 17
28 24 16 310 30
2 28 13 468 70
4 5 11 86 36
20 8 8 327 64
25 14 20 380 17
24 16 2 83 26
14 18 27 255 25
23 10 7 154 7
17 19 25 164 22
20 19 17 54 86
18 28 10 131 16
20 14 7 17 70
10 19 29 289 46