350
12 17 24 568 17
21 22 10 181 80
5 1 19 506 30
13 18 25 2303 43
22 27 24 1407 42
9 10 11 3108 14
22 4 6 3452 15
29 27 4 67 53
27 15 22 527 20
18 7 15 1003 47
19 16 13 1388 42
13 8 25 445 9
23 13 25 3479 18
4 26 26 2213 38
18 3 21 3378 60
8 16 5 1159 2
20 14 5 608 32
22 6 19 431 55
15 6 3 2264 75
17 8 2 1366 4
10 28 12 1613 66
6 3 10 924 22
2 9 6 2400 64
23 19 14 1152 28
21 10 23 1902 20
22 27 27 961 17
21 29 26 2733 28
27 21 13 3286 76
17 22 4 2116 82
20 12 8 235 33
28 6 16 1750 85
6 8 12 1786 30
26 26 16 2554 38
3 8 16 1019 49
8 6 10 3316 17
20 16 9 1821 30
1 12 25 1644 62
23 7 22 784 4
26 13 10 2464 9
27 12 24 596 38
23 6 25 79 46
13 3 24 633 5
16 20 27 1319 49
8 20 28 291 53
23 23 28 3243 33
23 25 26 1238 42
27 22 27 735 30
18 9 26 1451 61
10 22 26 550 38
15 6 4 799 82
19 13 7 2700 40
3 17 18 188 81
11 24 1 1462 51
13 10 9 1997 8
8 22 7 1499 25
7 25 7 2828 59
4 8 19 2319 37
25 13 5 1970 21
16 28 5 106 51
8 16 27 2360 13
19 5 23 2492 37
10 21 24 1734 73
6 19 6 3364 87
10 4 24 2663 18
6 13 26 1076 26
17 23 11 1075 44
22 14 29 3067 17
25 6 7 769 74
7 15 20 621 49
26 29 23 2028 57
18 3 5 2588 6
29 18 5 709 62
15 28 11 3262 70
28 19 24 1570 66
15 21 7 2347 23
18 23 25 1552 11
29 25 12 3271 48
5 12 25 2052 3
7 6 4 2523 27
27 24 11 1008 36
21 17 4 394 16
14 4 20 2879 56
9 20 21 1476 38
18 2 6 357 17
13 16 4 2073 61
1 26 4 843 66
12 10 29 535 48
22 27 12 1106 49
1 2 8 409 18
24 16 15 1951 31
15 27 2 2536 60
24 23 25 207 27
27 10 14 2196 36
13 5 24 1054 34
29 8 27 1989 8
17 20 6 1873 95
28 19 3 2750 54
26 12 12 1930 48
19 6 27 2613 84
21 22 18 2653 18
20 9 26 3298 53
9 15 8 675 51
29 6 21 2525 28
8 8 22 2742 11
4 16 2 112 8
19 3 13 1799 16
25 29 4 1658 32
3 24 3 3449 18
23 29 27 2366 50
15 21 9 3412 36
27 12 16 1307 65
8 7 12 2509 14
25 7 21 942 38
27 2 29 1181 55
28 13 9 3195 46
22 1 23 27 69
14 23 23 133 77
11 22 27 461 37
27 22 1 1607 39
21 10 9 2442 71
24 12 15 1384 28
16 18 21 1418 3
27 9 9 1343 7
3 8 14 3172 44
26 27 27 2434 15
13 24 15 1028 36
7 12 1 2184 32
21 3 20 750 43
10 11 6 1840 41
8 16 19 2804 24
10 16 25 3396 77
5 9 10 2642 13
12 17 16 2755 15
26 2 16 3346 12
22 13 2 2249 38
5 24 6 886 46
26 24 5 1240 8
24 21 20 168 45
13 27 4 3053 33
8 1 12 1216 47
12 14 1 3228 7
21 8 16 1652 72
11 17 29 2466 24
10 23 16 2637 62
26 20 9 918 84
12 5 15 1672 28
17 13 27 524 71
21 20 1 1618 22
15 19 22 1026 44
2 2 17 2097 27
17 17 29 570 13
4 12 6 2076 35
9 21 13 2514 2
16 5 9 1257 39
18 12 25 463 33
6 7 18 2939 21
7 24 24 304 21
22 18 14 1115 16
1 3 5 31 21
3 9 12 3022 69
25 12 19 1581 3
8 11 11 2481 69
9 10 19 2015 53
1 13 8 2471 14
27 22 14 2008 85
4 19 14 134 63
19 20 13 1361 32
9 4 27 2581 30
10 15 20 2630 28
18 20 6 1569 72
7 17 27 1435 24
3 10 13 1573 51
9 8 29 1029 36
5 10 24 1281 87
9 14 15 2075 20
1 9 10 1711 4
6 4 12 2382 4
18 19 26 1945 35
7 11 6 2717 5
14 3 20 3463 39
3 18 25 3099 28
13 14 4 1690 2
20 10 9 2842 64
17 6 1 1263 12
28 18 1 604 11
14 10 27 817 72
27 5 12 558 19
14 25 10 3443 61
5 15 29 2575 69
10 23 7 3144 12
19 8 14 2302 9
22 9 12 1042 18
19 22 21 2263 8
18 3 19 1130 22
8 9 23 1622 10
14 22 29 3035 30
15 5 21 2553 32
26 3 2 1 20
29 4 20 2283 25
16 26 21 54 21
12 6 12 2847 4
10 1 15 1154 72
29 25 19 353 11
7 4 1 1754 18
15 19 7 2809 34
18 10 20 2139 42
29 27 24 2940 22
27 14 1 2895 62
14 28 29 1166 68
25 6 9 531 44
6 7 29 327 29
3 27 13 1782 8
16 5 24 2038 11
24 25 9 2416 22
16 8 17 2964 58
29 7 3 316 52
23 19 28 1598 47
15 28 1 338 25
24 29 23 1813 25
19 25 11 652 41
24 28 12 2063 38
5 3 5 16 22
24 8 14 2819 21
8 23 16 1483 84
20 17 2 258 6
25 27 17 474 50
6 26 28 1563 59
29 17 22 388 34
1 27 4 2729 18
17 4 29 1692 9
5 10 26 2025 54
29 27 3 2594 30
10 27 20 1142 21
6 25 12 832 43
26 27 19 2975 65
6 16 15 3080 39
24 23 7 2860 36
5 10 2 2446 13
25 7 28 1864 23
29 2 12 2924 1
20 9 27 165 44
28 6 8 50 5
19 19 7 1863 54
15 7 13 1202 81
21 13 5 3490 56
6 13 27 1514 1
13 2 16 3188 16
24 23 1 1925 23
23 15 29 3423 36
21 16 11 226 56
26 4 24 2098 64
26 10 3 3223 14
2 18 20 1641 27
12 1 13 1851 48
22 17 10 3204 44
27 15 29 32 36
6 22 8 2216 10
12 6 12 423 60
21 28 24 532 29
5 8 3 3003 48
25 6 6 487 13
14 16 6 1912 40
13 21 7 577 41
18 28 26 300 19
18 27 10 685 24
19 7 26 420 26
21 19 11 1722 64
7 24 19 3440 29
16 27 2 90 77
22 27 10 384 33
5 12 24 2682 14
5 24 23 3098 33
7 10 6 2787 9
19 13 7 854 7
14 7 4 251 11
20 3 10 865 44
11 20 21 1653 51
29 7 11 812 8
27 22 2 2632 21
24 16 25 903 45
8 1 3 2054 22
16 4 26 1913 36
2 3 21 2917 12
29 22 14 1884 51
26 1 3 3277 49
13 1 4 2387 17
15 25 21 3070 37
28 28 21 2133 48
11 11 5 3455 25
8 15 11 1197 10
27 9 1 2722 33
14 24 23 1536 39
21 27 11 1090 66
18 26 22 430 40
13 5 19 2990 35
11 10 19 2775 36
14 6 14 277 45
5 19 21 1145 19
17 28 24 148 59
3 9 21 2168 60
22 11 25 993 48
5 14 27 1765 6
25 9 14 3156 49
25 28 4 1291 10
16 9 13 2338 27
20 19 9 1789 40
9 11 29 3084 47
16 4 29 85 58
16 7 8 706 1
15 29 25 3158 40
22 22 21 3333 11
1 6 17 980 48
14 4 6 3127 31
1 18 23 537 77
19 3 9 1118 69
21 3 16 1972 51
22 29 23 2772 80
14 26 23 2410 18
14 19 20 1337 54
3 6 2 957 11
27 8 11 2432 51
8 24 29 2920 41
20 27 16 689 51
25 10 25 2531 77
7 27 22 1780 20
29 18 2 371 36
16 6 21 2564 20
15 28 4 662 8
22 13 24 123 4
15 24 26 3149 12
2 3 16 1781 20
27 13 18 1235 25
16 3 14 2914 17
20 15 3 2078 28
21 4 12 716 8
18 21 9 2950 37
5 20 4 1574 66
8 17 5 2084 10
19 11 26 470 44
23 16 17 1068 52
1 26 4 1443 13
25 1 25 2233 38
17 26 8 1073 46
25 24 16 884 87
26 28 5 541 36
19 5 23 2156 50
13 23 12 3247 36
12 17 19 1533 6
12 4 2 2972 32
19 15 19 42 35