500
19 13 22 3658 93
11 28 1 4228 37
19 29 5 1799 28
16 27 21 1876 90
10 23 21 3068 56
27 16 2 2682 85
25 2 3 1612 34
6 23 1 4589 21
17 15 14 703 49
4 17 6 4846 53
14 26 13 584 18
6 27 18 3181 34
29 3 23 1826 69
4 22 3 2772 46
21 5 20 90 36
3 19 29 1231 85
1 5 6 4831 15
4 19 24 766 12
21 14 11 3754 7
20 1 4 3144 27
14 29 17 4071 26
21 2 17 872 27
10 21 6 2073 36
21 9 29 1682 51
24 11 19 4814 14
23 1 3 811 10
25 7 22 1330 69
15 2 28 3339 48
1 27 1 1909 17
23 11 11 2274 13
12 27 11 3674 46
24 29 2 3930 19
22 25 1 106 59
6 27 16 3590 56
13 7 28 2557 33
25 8 5 632 55
4 22 15 1846 15
1 8 19 4650 11
22 9 8 132 45
14 25 3 4474 10
19 14 19 4879 33
24 27 10 910 54
16 20 8 319 37
4 16 18 498 16
11 22 28 85 25
4 13 29 701 57
24 4 2 3956 10
28 24 5 3745 3
28 10 6 2154 42
22 10 25 4111 42
3 23 25 267 5
3 19 20 4461 19
24 29 27 2941 24
21 29 24 4622 43
15 14 11 956 67
14 5 25 4158 76
4 24 14 2746 11
15 6 11 3086 55
13 6 18 3226 35
24 28 11 3866 23
2 2 25 2159 26
19 9 28 3286 51
19 16 22 186 35
4 24 11 4883 36
10 22 8 1776 48
22 16 15 4763 60
20 8 29 2802 10
9 1 4 1441 52
1 7 21 4168 53
19 1 19 1977 27
3 9 18 1024 70
15 6 28 3304 44
12 28 9 4682 17
27 16 28 2058 56
26 13 28 1351 22
29 23 23 3575 20
20 20 19 440 10
10 21 1 3337 3
9 22 8 1643 36
21 9 15 1256 30
19 5 22 1274 47
28 17 27 2083 57
10 16 1 2960 47
14 18 27 1279 63
17 11 22 3386 29
28 18 3 672 8
20 5 25 2175 12
7 6 3 3189 55
14 7 28 1692 4
22 13 10 2416 12
16 13 27 2107 44
23 21 28 4702 24
26 13 6 29 27
13 14 13 3314 35
25 14 12 2530 17
22 5 23 2372 47
24 18 28 1182 83
13 24 4 4662 17
14 27 3 1759 7
24 5 15 3813 39
9 5 3 2385 72
12 15 10 4016 53
8 10 29 2123 8
6 3 11 3646 32
8 29 26 3853 9
5 16 29 2538 25
11 14 10 3438 53
19 16 8 3038 39
17 22 3 341 18
5 7 9 1136 50
22 12 27 4336 2
15 7 5 2565 53
6 22 25 1704 16
5 23 21 387 28
28 26 25 4555 31
21 7 26 2070 30
1 8 16 2889 10
18 14 23 3211 44
8 13 26 2389 51
11 22 22 4088 40
11 5 10 502 22
6 26 23 1057 2
6 23 9 4567 41
19 26 9 2343 20
15 19 19 997 28
2 10 17 3413 8
28 1 18 1552 27
20 3 1 2791 9
28 14 21 2226 58
10 20 2 362 15
22 25 25 3421 20
25 1 12 1639 24
24 6 6 2491 69
25 19 12 4570 4
3 14 4 176 14
1 11 14 1222 4
5 28 17 3775 25
13 4 9 4727 66
15 26 12 2525 69
1 3 26 1519 11
15 19 5 4056 18
14 25 23 3473 15
10 1 1 3021 47
19 11 11 3612 74
27 6 29 2330 14
11 2 29 4374 22
26 10 13 2984 16
23 6 26 1353 47
11 9 18 4922 73
13 18 24 4102 3
27 10 15 1751 13
8 9 6 3557 57
24 17 4 3052 24
5 25 3 1764 38
6 6 12 3494 23
28 29 24 3356 46
20 24 28 3538 21
27 28 18 3492 21
13 4 11 207 69
26 26 8 4351 18
2 29 20 654 57
18 17 15 1078 86
29 27 29 777 18
7 8 8 4609 36
12 8 10 2917 40
23 27 20 2793 10
12 11 9 2087 57
27 8 1 3267 52
28 22 28 3231 29
3 15 7 4137 26
12 17 24 858 15
19 29 29 1558 48
25 27 21 823 34
1 10 20 4871 30
11 13 13 1251 28
28 28 9 3471 39
25 13 5 360 41
22 22 17 2851 58
27 29 3 422 37
25 14 29 1 48
6 25 21 1047 28
19 10 4 1066 44
24 14 20 2906 26
5 9 4 2190 73
5 26 18 3978 39
23 12 26 3854 23
10 1 28 3516 22
24 16 12 4430 17
15 28 22 371 45
11 18 2 4842 1
13 27 26 4673 50
12 8 26 4641 57
5 11 23 1485 55
28 2 21 2526 10
18 21 21 2531 50
27 23 26 953 33
9 19 16 4227 28
27 3 26 1697 32
1 21 5 234 46
21 21 14 2368 44
25 18 6 3185 7
4 18 1 3601 60
19 28 1 2068 22
17 2 17 1914 36
3 20 7 690 63
23 9 18 3117 32
7 3 3 289 6
8 16 8 1388 15
9 6 22 2814 15
17 12 4 3842 26
8 22 21 2534 85
19 5 28 1538 38
24 25 18 4029 1
20 5 22 1490 42
20 2 28 2965 51
2 4 26 1621 20
27 16 9 2916 54
3 28 16 4109 61
23 9 19 1395 47
3 1 18 3166 20
19 3 13 3704 14
1 12 16 1833 14
28 6 11 2651 9
14 5 20 4447 63
26 7 6 1088 25
7 2 20 3324 25
22 18 27 3522 8
18 1 18 3395 1
23 5 12 3890 59
21 22 6 538 32
27 20 28 1329 39
28 21 15 1405 95
12 6 5 86 15
4 13 10 2761 30
7 8 5 2792 83
26 12 8 4633 50
6 12 5 2618 13
25 14 29 2523 50
1 1 20 3026 47
4 4 1 1674 36
20 22 11 4719 27
4 5 14 4173 91
19 28 1 1372 78
3 14 28 1323 11
4 22 12 2679 13
29 25 2 3816 88
1 8 8 3627 40
28 21 3 1658 16
27 3 9 4123 35
20 22 7 3926 74
24 14 14 4772 56
7 6 7 4010 93
22 20 24 578 5
11 29 24 4625 24
14 29 2 4263 80
13 26 17 4239 17
2 6 8 3708 56
10 1 19 1236 90
25 22 9 3789 39
22 16 25 3881 29
16 12 11 3996 41
25 24 11 2260 2
3 9 12 553 15
25 21 27 1118 6
9 15 26 3971 68
21 3 24 1962 11
5 12 13 3277 11
26 25 24 2456 38
18 20 10 935 30
21 1 26 2600 23
9 9 5 196 46
29 7 1 2669 18
20 29 11 1454 69
14 5 7 4760 40
2 2 18 2589 21
25 20 3 2663 27
19 15 6 2072 12
27 10 6 2481 16
8 3 19 2964 83
16 23 2 3766 8
5 5 19 4153 32
29 14 2 485 54
15 4 26 3331 16
12 8 23 2296 40
5 3 7 1721 50
13 11 23 36 70
20 25 10 4181 29
9 15 16 565 36
1 15 1 3255 35
21 18 24 3030 75
29 10 6 4919 43
17 20 9 3481 32
19 28 6 157 22
10 2 19 636 8
5 25 29 71 69
15 1 1 2137 68
5 7 4 2362 30
19 13 28 3807 15
23 24 26 1013 35
12 24 13 334 33
7 6 2 3717 7
4 23 6 2922 77
27 12 22 1847 77
16 12 21 573 6
10 21 2 4341 53
6 23 23 1335 17
8 8 24 4216 18
6 24 3 4308 12
18 16 6 4320 5
26 6 29 4510 31
29 22 3 4399 24
2 5 28 72 29
21 18 3 303 21
25 22 11 4620 47
18 27 22 3420 90
21 19 15 614 64
25 18 28 4361 39
6 17 22 3104 67
7 28 17 1267 22
28 16 18 3960 23
25 27 25 1735 28
16 1 27 2676 63
24 20 13 516 1
11 1 2 889 69
25 19 18 839 55
7 22 1 3195 11
27 3 17 2856 36
24 25 28 2242 81
20 3 1 4416 64
26 22 12 1418 24
26 24 29 2833 7
24 23 10 2725 12
25 26 9 2837 37
9 1 27 94 46
14 27 8 1193 50
26 14 7 3257 76
15 5 10 2869 4
3 3 7 521 12
7 9 18 4280 16
26 16 24 2449 6
28 16 13 1741 10
8 26 8 4916 21
29 13 11 2238 32
17 14 5 3276 11
28 12 27 3132 8
27 6 27 3945 11
28 28 28 2208 60
8 29 11 1616 33
9 27 9 4787 11
15 4 10 1787 42
9 26 26 4294 30
12 19 15 982 47
26 29 3 3237 53
9 3 9 4040 76
19 24 1 4232 25
3 26 20 2030 40
15 7 21 1506 53
19 7 7 537 47
1 16 12 4017 43
29 6 6 1599 27
6 28 14 3946 38
17 5 11 2691 72
18 17 22 1931 31
16 3 21 1817 10
4 15 25 1211 92
1 3 1 1183 61
26 15 21 2306 46
20 1 17 3518 27
6 18 10 1174 32
4 4 23 3179 2
13 16 10 668 8
10 8 24 2402 51
16 12 21 4789 55
17 26 14 4462 24
25 28 21 3375 36
21 10 15 4581 79
17 3 2 2875 51
14 6 25 737 8
29 19 13 906 91
4 16 9 1915 12
19 12 21 794 27
5 26 3 2516 35
13 4 25 460 22
28 12 27 3514 80
2 24 23 875 7
28 29 25 1627 20
12 26 1 4737 19
21 9 27 3007 33
22 21 27 1291 42
14 15 18 393 3
17 10 21 601 3
19 23 22 1064 23
14 8 11 3940 28
28 21 4 4901 34
26 15 14 1684 50
6 10 16 1840 39
29 14 3 4867 16
19 14 10 1834 84
8 6 10 3656 36
5 10 21 1469 83
11 6 17 4861 51
27 5 2 1857 85
17 3 27 2011 23
10 26 8 4686 3
2 19 1 2430 53
19 27 6 443 52
1 15 21 721 10
15 17 18 4526 22
13 25 19 143 5
9 28 24 1635 25
21 12 8 273 28
27 25 25 4027 19
6 29 26 1430 25
24 27 9 264 53
21 9 8 4197 41
23 27 29 1902 15
15 26 5 2153 16
8 22 2 4746 69
19 13 18 2710 12
8 13 21 2505 32
12 27 2 2373 53
4 18 25 1577 54
28 5 5 3781 50
15 24 7 751 63
22 12 18 2317 28
23 15 28 13 50
27 8 8 2044 21
14 9 17 2780 19
7 5 20 4150 16
26 28 22 1223 31
27 18 18 2575 26
21 29 17 3504 22
14 1 17 3731 21
27 12 1 1072 9
29 21 12 1237 36
4 24 14 4448 57
21 16 22 3463 15
10 2 12 3110 41
25 25 16 1769 15
23 19 26 4482 26
3 18 17 1996 33
16 12 12 3733 59
15 21 2 2052 73
20 20 14 2713 18
1 16 20 682 23
17 7 8 1307 57
21 20 12 53 12
17 10 21 922 10
25 13 24 1166 23
8 22 1 3148 9
29 29 20 2734 2
24 6 26 1317 66
12 10 2 3446 53
10 9 23 3059 14
8 11 6 1884 22
8 28 18 3120 46
29 14 23 1105 36
12 15 28 3847 41
28 25 17 478 16
24 11 17 2277 5
13 17 15 1946 11
19 9 10 3709 53
21 15 12 4541 41
21 22 29 2990 16
21 26 12 1042 80
15 10 23 3689 22
18 12 18 4884 4
10 9 11 3127 30
14 29 14 2465 2
19 29 4 4599 47
24 18 18 409 1
9 22 9 252 70
22 24 25 1583 66
7 17 2 3909 31
6 25 7 4036 65
7 13 29 220 67
21 22 12 4310 53
7 9 2 484 95
18 28 10 2823 16
23 10 29 1149 12
20 23 6 217 33
7 16 24 4282 13
19 23 28 1269 29
13 7 2 972 28
14 16 20 4249 39
29 9 4 866 22
4 27 23 122 50
27 12 16 3832 2
12 1 29 4805 35
17 21 19 2234 46
8 12 25 4495 64
29 23 21 2350 4
26 25 26 1294 68
3 1 19 4154 38
25 25 12 2634 85
6 6 6 2688 12
8 23 12 835 38
25 29 15 2099 14
26 3 11 3256 30
7 15 8 4387 72