450
14 22 29 3096 8
25 10 19 1906 21
20 26 26 3817 2
21 25 13 1467 3
3 13 21 4177 47
27 12 19 1231 68
10 6 25 664 28
23 23 14 4209 94
16 26 22 124 28
25 17 28 1583 59
23 11 16 315 54
6 22 7 551 60
27 6 7 1160 68
25 29 5 3371 83
10 16 22 4288 30
6 16 1 1547 75
6 24 11 3057 2
24 29 16 4460 62
8 13 27 2276 39
29 16 4 1745 29
11 18 19 1597 33
4 6 9 4293 64
27 2 20 997 27
5 17 2 3609 32
19 13 9 887 5
25 27 18 2075 30
21 16 8 76 2
17 11 9 4363 46
7 16 24 2563 23
13 10 23 2659 28
27 11 12 781 6
17 14 3 2081 47
18 27 4 3237 3
17 1 23 916 17
16 26 23 132 88
28 10 28 990 83
22 17 18 3355 13
7 17 6 3250 23
17 28 19 3868 4
17 28 9 1616 36
24 22 4 3705 38
28 18 13 1582 41
19 1 2 1564 60
23 13 29 3076 32
25 14 24 2793 34
13 20 14 2136 38
17 14 14 1203 6
20 2 23 4446 33
21 14 10 756 3
18 20 1 3789 20
21 5 24 2550 37
19 10 18 757 87
14 14 8 2795 50
28 16 7 2934 38
24 18 5 4284 58
26 29 10 2362 16
5 16 6 2783 11
5 5 24 1151 38
4 27 16 1454 17
27 7 16 3795 33
27 17 17 2705 5
3 22 16 570 78
13 15 5 4306 37
28 28 24 4085 6
21 23 20 3160 25
5 26 16 619 39
9 1 13 534 18
23 27 2 1008 61
12 3 3 841 68
29 11 2 3046 17
19 5 4 2888 49
10 21 28 2833 79
2 18 15 3739 36
16 22 4 1981 8
6 24 8 1734 58
15 14 18 241 49
18 21 4 1585 23
16 20 9 2505 11
26 11 12 2633 3
6 1 8 3849 20
6 10 16 982 48
6 20 3 109 26
14 14 17 2778 31
14 25 23 3836 66
21 11 4 4214 46
11 4 2 4361 49
24 18 5 1364 28
11 20 10 4079 6
26 16 22 873 51
23 5 17 2117 37
16 20 21 1508 16
22 22 14 743 40
13 20 24 932 9
20 21 26 924 34
23 13 19 3926 75
28 9 3 4433 69
29 21 14 2578 17
20 13 21 3346 20
11 29 16 4441 60
9 25 17 3525 63
25 23 12 2434 36
28 23 15 883 54
18 25 8 3038 33
26 13 3 2886 64
2 1 20 1045 14
23 6 20 690 8
24 18 9 3750 26
12 3 20 3110 17
26 12 15 1706 19
26 14 4 3476 27
9 6 4 1915 27
17 10 25 2213 39
17 20 10 724 68
13 12 20 297 44
11 16 18 2575 68
24 5 20 2985 36
18 18 10 1107 57
16 12 7 2490 22
15 6 28 1134 17
16 17 18 2981 17
7 12 5 3878 11
28 23 25 2522 18
17 25 3 373 37
6 23 4 2538 38
16 11 7 937 39
4 7 18 1475 33
29 6 27 1833 5
27 3 26 502 72
20 22 23 1871 24
5 1 17 3210 42
8 5 11 181 48
7 1 25 91 23
23 8 18 2326 57
12 8 5 3243 25
28 1 20 3886 56
27 16 25 822 50
11 24 18 947 39
28 10 1 859 11
8 28 21 620 24
19 16 2 2676 2
21 17 19 3413 21
6 13 22 3258 3
15 1 15 2331 47
24 18 27 4028 8
14 20 7 3331 21
23 15 10 4058 14
1 5 27 4210 43
29 22 16 1253 55
13 5 5 2824 19
9 10 7 2026 30
24 18 8 4344 55
8 19 24 432 57
6 26 1 592 7
18 5 23 3666 45
4 7 20 637 7
7 23 12 4268 67
9 12 19 1143 17
21 4 20 4277 17
28 21 3 1204 59
3 17 10 4190 31
24 24 17 1403 63
7 21 24 2606 1
1 23 28 2847 68
10 18 28 357 18
20 9 15 1272 9
22 3 11 1646 30
8 22 6 2294 33
10 20 24 137 94
27 19 6 1675 1
15 27 13 2858 40
17 20 19 1962 28
17 11 13 4251 59
29 3 9 3917 3
20 16 1 1070 5
8 25 20 3765 44
22 9 22 105 47
8 18 18 2370 12
14 1 12 2877 43
28 2 16 461 28
1 4 29 3810 61
8 5 5 1049 34
5 17 8 2728 25
20 16 2 3130 63
10 10 26 4481 16
21 15 9 3752 76
6 25 25 187 26
5 7 20 1527 33
3 25 15 1304 37
3 18 15 3732 40
23 1 7 2851 21
29 4 12 2181 39
24 12 25 225 42
23 14 14 3283 56
25 24 24 4106 15
8 25 11 2894 79
7 7 4 2168 40
10 1 8 1059 24
7 19 8 898 58
15 26 3 288 44
20 10 13 2000 10
28 11 3 1674 11
10 22 22 713 42
25 10 18 3944 7
5 24 10 3593 23
24 28 26 2638 20
3 9 19 3582 53
24 18 12 837 18
22 10 11 1743 70
4 2 29 1814 88
29 4 4 36 34
27 9 11 1380 62
7 16 27 3065 45
5 22 8 3640 10
7 25 3 1247 25
14 4 15 2761 11
27 6 29 4289 73
22 1 20 3685 14
27 18 23 3949 28
22 25 15 1320 55
1 16 3 3191 56
16 7 13 3044 62
6 25 11 2688 32
5 28 24 344 50
15 8 18 3717 58
20 22 29 3597 4
25 4 14 3380 54
13 26 15 212 14
9 27 15 206 83
15 19 14 3190 3
21 7 18 1845 44
9 28 2 4224 14
29 20 27 25 34
17 16 12 1345 24
1 17 3 1135 13
4 4 29 1123 29
11 7 15 2599 64
24 29 21 1440 51
3 29 10 3491 46
1 20 29 2601 19
22 24 14 4012 45
26 1 12 1086 74
14 29 3 2149 12
25 23 25 2915 57
9 29 12 4037 35
20 29 29 4480 33
17 27 12 3543 5
13 6 18 3890 7
2 10 19 256 55
11 21 7 1859 14
23 3 25 2805 58
6 24 21 3960 8
5 15 14 2395 52
6 19 21 1662 32
4 23 28 1421 63
1 10 17 2723 36
22 9 13 2732 37
22 3 19 4160 72
27 10 19 3557 20
13 9 5 1782 71
24 16 21 1774 29
23 2 8 3581 21
6 2 12 2947 24
1 28 1 1114 54
2 2 9 677 22
1 1 15 3968 48
3 14 10 4463 8
13 8 21 3502 9
5 3 29 1476 21
12 6 29 1303 14
11 4 14 2468 49
24 10 14 4043 6
23 16 4 3218 45
27 7 22 3980 44
9 26 19 3460 59
12 11 14 470 12
19 20 11 2311 79
14 8 1 4376 28
8 24 29 2999 80
18 14 5 1607 37
19 13 26 3031 21
8 4 2 2062 34
5 13 2 2954 9
4 24 9 3430 68
24 6 15 3621 52
17 23 8 2261 11
15 23 13 1696 16
29 16 4 3904 12
21 21 8 3978 49
26 16 7 2596 51
2 17 15 333 44
27 1 21 3145 46
24 10 20 4152 30
23 9 25 3018 25
4 25 11 1083 37
5 10 28 417 3
26 20 2 433 45
10 18 21 2902 23
15 25 28 1718 1
25 14 4 2348 86
19 7 14 3162 35
14 17 29 1092 29
26 14 7 3565 61
25 24 26 4330 12
6 11 9 3411 38
5 5 9 3446 3
17 16 10 1219 22
12 13 11 2321 13
12 15 25 1948 60
18 2 28 327 27
29 5 16 2409 7
2 17 12 1853 23
16 1 1 166 47
2 29 15 3333 40
8 17 16 795 27
23 12 2 1416 21
12 6 18 2763 66
14 20 12 632 35
21 5 25 2948 22
10 5 7 2415 23
9 13 18 3696 22
11 25 11 2436 40
12 8 26 67 25
5 12 9 651 59
19 24 19 3724 59
29 12 28 4470 51
14 22 12 361 42
11 24 14 2200 64
6 10 10 2473 13
6 9 18 2045 4
17 22 8 1632 7
22 10 9 1189 27
18 3 28 2964 30
26 6 24 406 39
25 22 4 1169 61
2 2 22 3106 9
4 5 10 3786 17
11 23 3 4103 71
7 20 13 3194 41
12 1 6 1026 22
14 9 24 15 29
20 6 23 3392 41
11 3 15 1046 48
26 19 2 2619 25
3 20 15 3007 2
5 20 4 292 7
8 11 10 2742 85
10 2 2 1330 5
3 25 27 3086 41
16 13 19 2393 68
7 11 3 444 81
10 4 5 3295 23
4 9 29 3604 33
19 15 21 3375 13
23 19 10 1888 1
18 21 10 579 19
17 2 27 3276 5
10 1 13 1288 5
6 28 14 2116 27
25 8 1 2444 58
22 8 14 1799 11
20 13 10 2586 3
13 21 19 1693 12
24 28 26 1016 61
25 13 14 1460 43
26 29 23 3179 21
28 17 23 1186 31
6 26 24 516 42
26 7 9 2864 60
1 13 24 1766 24
26 25 11 4125 33
14 1 24 712 9
23 8 22 2859 15
12 27 13 3345 7
26 9 19 615 11
19 21 12 576 62
19 8 7 3783 58
28 8 9 4332 25
17 29 29 2645 32
28 19 16 239 18
18 17 18 3654 39
10 28 20 2381 72
26 22 20 652 40
5 12 8 3998 17
19 11 19 1355 16
12 25 11 1707 34
10 17 20 4307 7
2 8 29 51 59
24 14 29 4239 12
2 28 9 1880 27
8 14 22 4075 10
10 15 19 4366 25
11 8 16 1287 8
3 9 14 2009 46
27 17 4 3575 12
22 6 21 2429 62
21 13 11 1588 62
22 19 11 1167 20
10 23 21 858 42
6 7 24 1382 10
8 7 3 823 10
2 20 20 3510 27
10 15 10 349 37
9 20 28 4496 8
3 28 6 966 32
18 20 24 705 61
6 6 24 768 42
28 18 11 4397 30
26 26 19 1101 53
9 16 8 487 51
2 8 19 803 38
27 11 4 3128 50
7 12 19 3364 27
15 9 27 1241 7
10 1 20 3314 29
23 1 16 2161 36
6 25 26 1398 44
14 20 26 1494 8
25 15 29 389 8
6 16 21 155 28
14 5 19 4324 11
24 19 22 2228 25
19 14 20 1545 31
2 6 9 2458 48
14 18 29 4414 76
28 20 18 3433 33
18 27 28 2098 83
20 19 13 2246 39
2 22 29 2537 40
9 20 7 2080 20
13 2 28 610 40
9 24 18 97 16
29 2 27 4270 8
14 21 7 4065 52
29 12 9 1 10
21 29 17 3493 74
27 26 26 1749 8
5 1 1 2591 18
13 18 25 4134 6
6 26 13 4381 35
6 16 13 1823 10
4 13 2 1931 55
15 25 18 150 29
18 11 11 272 61
13 19 17 1555 32
10 15 15 2952 25
8 20 29 1180 17
23 11 16 1105 6
23 18 26 3720 56
12 23 3 79 30
24 18 5 1944 4