200
21 25 8 1911 68
12 8 23 808 4
3 8 23 1097 50
11 25 25 433 77
17 11 3 1039 45
8 22 12 390 60
17 17 10 950 30
21 1 9 621 79
6 25 27 1957 27
26 21 4 1566 70
12 20 25 1410 73
11 3 12 1751 12
20 3 7 332 7
4 29 17 61 31
22 3 26 1101 29
11 4 28 1999 30
22 3 6 926 62
16 2 6 371 36
22 28 2 198 48
4 24 9 1307 56
2 27 16 1520 9
3 18 23 1050 61
16 18 18 1668 53
24 20 26 1652 15
29 26 11 1705 25
16 6 9 464 12
3 22 27 525 64
20 24 28 305 3
6 19 1 1753 37
19 15 16 1163 6
7 22 16 1145 29
11 16 17 1006 11
18 11 25 1927 40
8 5 4 508 40
22 22 25 892 18
17 12 24 1203 28
24 28 15 1634 25
17 2 9 328 31
29 28 20 999 54
19 7 7 833 21
8 2 3 281 87
18 10 10 243 48
11 20 2 966 30
14 12 22 1763 8
29 28 21 597 7
29 23 16 355 37
3 11 23 1475 63
14 26 22 455 28
5 16 23 690 68
13 24 24 1486 29
14 8 15 1603 28
23 25 27 1716 55
10 15 21 911 87
20 13 3 196 53
3 1 20 1503 31
29 17 27 1394 22
11 1 11 1399 41
19 17 25 1066 50
23 13 11 733 41
2 25 16 1088 18
16 10 2 565 13
11 2 15 283 19
4 11 12 773 14
4 27 20 1277 55
4 9 15 2032 15
26 26 9 975 30
2 9 26 798 20
29 20 11 1333 85
18 18 4 422 11
19 11 29 1628 8
16 2 5 1776 20
26 8 21 876 62
25 17 2 20 77
2 11 27 1440 34
6 10 18 1814 46
11 1 15 1684 13
10 4 27 1380 54
24 1 25 1512 21
10 1 4 1794 95
15 1 7 1036 54
5 9 24 933 54
27 5 23 1962 15
2 27 4 1862 52
8 19 14 1832 19
28 22 13 1214 54
21 8 19 1117 50
14 16 7 1176 35
25 3 26 1421 77
6 23 11 404 12
1 10 10 1215 73
10 16 20 782 27
9 12 20 1709 62
25 5 3 1258 26
12 18 15 1245 17
16 1 17 1600 36
28 8 5 743 5
7 23 23 446 59
29 22 25 872 51
10 2 8 2033 23
11 16 18 1701 20
21 14 10 2023 28
4 8 26 1345 69
27 10 21 163 71
25 19 25 1630 11
16 4 14 75 24
24 7 4 573 51
26 14 29 2004 38
21 12 24 814 21
16 28 15 324 42
10 23 6 2047 54
6 6 28 1891 58
14 7 7 347 4
27 25 20 590 36
19 9 9 716 33
3 26 16 758 3
27 9 3 1526 94
28 12 13 146 66
22 28 2 1158 35
22 27 26 638 26
20 15 17 184 2
2 7 25 703 44
11 11 11 870 32
4 25 8 1514 17
15 3 20 289 41
26 25 13 1917 37
9 9 29 1139 1
8 11 1 1085 9
4 21 2 935 16
19 16 24 1237 18
26 4 11 2012 68
27 17 29 223 28
29 5 11 1118 48
12 14 15 193 8
15 26 23 1582 71
7 20 17 1207 62
5 10 21 54 9
20 14 27 1022 28
20 27 14 752 50
12 24 2 1803 16
22 19 6 1076 33
6 23 1 1197 2
5 17 2 497 54
14 27 2 834 14
19 1 14 679 7
9 14 4 639 9
12 28 8 1316 67
23 11 4 614 88
5 13 4 1978 42
27 3 8 1843 70
19 11 29 852 36
21 23 28 1452 28
4 8 3 1985 9
16 5 24 981 1
7 1 12 1547 35
22 16 23 378 11
13 21 19 1892 38
9 27 16 86 83
10 23 28 1637 3
19 8 14 2015 17
7 12 18 474 79
12 4 26 1132 51
8 15 29 1 6
11 8 22 1583 36
14 13 21 1249 38
3 10 10 828 37
4 10 3 1880 21
2 20 27 206 16
8 19 9 1466 34
23 18 15 1530 63
9 11 15 1815 14
10 10 12 1361 44
26 23 28 658 53
7 20 22 1942 36
26 4 6 113 7
28 16 7 128 32
25 9 27 672 13
20 4 27 543 29
7 22 24 1597 81
26 2 26 1615 21
4 8 1 1188 72
11 25 2 262 52
16 27 1 1735 40
27 4 12 1501 76
17 5 6 1228 34
16 27 17 12 14
8 18 8 686 78
23 14 3 98 57
12 25 15 23 6
23 18 27 1569 26
22 20 20 482 70
1 12 9 165 55
24 5 24 1527 29
9 22 17 1676 64
5 23 6 1915 70
2 8 22 1289 5
13 22 28 41 60
9 12 15 559 34
11 27 23 641 27
15 22 10 224 12
5 20 9 721 12