150
11 12 27 1314 73
9 6 20 979 34
9 15 21 1204 11
16 12 14 161 18
15 13 29 263 42
22 12 10 806 12
28 1 21 434 3
20 6 8 18 28
1 11 4 1228 48
5 28 16 803 10
10 5 2 198 7
18 24 25 40 36
25 20 28 575 13
15 14 21 281 13
24 23 26 1176 22
7 5 4 831 14
7 17 19 53 73
6 28 5 420 16
16 5 27 1052 2
8 4 11 100 36
1 25 24 341 13
8 7 16 994 24
15 10 3 369 68
18 21 24 783 20
10 29 2 312 21
23 17 27 703 12
29 2 10 111 18
18 24 7 574 11
17 11 18 1023 48
28 13 23 1094 13
26 26 18 1284 68
6 22 28 548 54
16 11 9 1225 15
25 25 12 668 39
2 28 7 180 51
2 12 9 768 16
21 5 20 874 16
15 29 14 117 23
27 1 4 1 41
24 1 26 1374 73
20 5 15 1113 44
13 21 11 153 6
8 4 11 392 16
12 13 14 962 36
26 24 20 827 22
10 22 18 1218 83
24 20 8 595 1
2 8 19 769 14
5 25 24 1166 21
22 4 17 632 54
12 27 6 849 50
8 20 22 82 35
5 10 24 1286 16
9 7 12 1021 18
22 10 24 686 87
28 21 3 821 13
13 29 11 508 4
7 19 27 1223 24
14 18 24 1202 92
29 11 17 1266 11
27 13 7 908 19
16 11 18 1368 10
17 17 25 219 9
12 1 4 756 33
29 14 20 1248 11
17 24 27 1108 4
26 16 20 1188 34
2 13 23 1321 20
10 28 10 525 57
25 9 3 1310 46
23 8 27 486 18
4 2 6 935 39
19 9 13 626 34
8 24 14 1318 9
5 12 15 797 29
28 29 23 327 36
26 26 7 674 32
7 1 9 577 9
27 9 29 1353 60
11 9 22 143 67
7 22 1 204 50
15 21 10 129 6
10 6 7 954 21
23 11 19 1156 41
8 3 3 1283 13
11 9 15 880 12
2 4 10 465 37
16 28 25 473 48
3 16 5 1004 39
5 4 15 581 40
10 27 15 385 72
5 29 6 547 35
14 19 10 317 2
12 17 13 520 70
7 9 6 360 5
7 29 22 726 32
28 29 26 641 32
29 4 27 1151 79
6 6 16 1066 46
27 1 14 1134 52
8 2 18 37 48
11 26 27 1078 14
11 21 2 154 16
13 16 4 948 20
28 18 7 1292 5
24 20 7 184 13
6 20 20 432 52
28 29 5 650 52
29 28 20 918 3
27 4 23 257 37
15 1 5 623 2
8 16 7 896 44
22 10 23 301 27
10 26 1 1359 41
8 16 12 555 6
26 18 19 333 43
17 12 11 1121 38
25 22 13 721 50
7 12 4 1363 15
24 4 18 799 29
9 9 20 248 22
23 25 15 293 2
10 28 28 1085 66
2 2 12 1236 82
9 23 15 134 2
13 9 16 847 9
16 13 8 779 46
5 11 12 72 32
22 16 27 1035 60
24 6 17 406 59
15 29 8 298 11
17 24 7 375 35
26 3 4 1334 74
15 19 5 496 26
15 24 19 1088 15
8 10 27 1155 58
27 18 21 542 47
23 7 20 449 46
2 12 8 598 44
6 8 18 744 37
29 4 10 699 23
7 24 19 704 48
17 26 13 676 11
19 15 21 920 47
1 12 16 398 6
17 5 17 559 8
3 26 5 855 68
7 23 20 238 22
1 22 24 868 62
7 28 24 615 1