400
4 3 21 242 45
11 1 24 3834 46
28 10 19 2513 51
21 2 21 1749 2
15 26 5 2141 39
12 21 16 3172 43
20 28 6 2674 30
21 16 18 765 44
16 5 1 370 22
14 2 23 3249 84
15 5 20 2079 33
23 19 12 2868 56
6 8 19 2193 14
8 1 25 421 15
26 14 11 3810 13
20 24 28 1856 65
21 20 17 2937 19
7 14 3 1997 2
15 17 17 3260 6
18 3 1 1941 39
8 17 29 1025 28
26 11 25 2800 65
8 22 10 544 40
15 1 29 2753 10
5 3 5 2344 6
29 23 10 3720 68
9 16 26 3419 15
24 7 8 3647 16
18 22 9 1800 33
10 23 6 1001 39
25 25 4 1722 64
8 11 9 433 55
5 5 22 3820 48
3 19 10 638 9
7 15 9 1332 55
19 15 15 2764 59
12 11 7 402 91
8 22 10 273 19
22 10 23 3403 55
22 27 19 3528 17
8 10 22 46 74
4 20 14 3511 81
7 17 24 855 73
23 8 10 3274 54
16 2 28 835 47
19 28 16 1026 5
12 25 2 2932 13
18 7 1 2051 11
9 25 26 616 22
15 21 12 577 8
17 23 17 480 14
26 24 20 1657 61
6 20 24 1392 77
1 15 21 1687 12
20 21 6 505 56
24 29 18 3038 28
3 5 8 1664 2
9 17 7 1226 62
29 5 2 1166 15
12 21 8 3142 22
13 13 8 3853 96
19 23 21 3609 7
6 3 18 1968 5
19 3 25 121 38
1 27 20 1714 92
18 19 17 335 6
18 21 26 3464 62
10 18 23 3265 38
1 17 3 2783 52
13 24 7 41 16
4 12 7 3470 59
2 21 18 2814 59
15 4 26 1014 12
20 14 22 625 54
10 8 16 1385 47
15 27 28 2471 30
13 4 12 1523 25
26 24 15 143 1
11 27 22 526 8
16 24 26 3433 1
29 23 21 1907 58
9 26 23 292 23
29 4 13 3010 11
13 12 24 792 18
4 2 18 863 50
17 18 27 251 28
28 28 5 1969 48
8 12 20 1282 38
27 26 29 222 31
7 7 2 3795 55
1 25 1 2484 73
24 6 15 2020 25
3 10 18 2999 26
9 17 12 16 38
28 4 24 1591 41
17 13 15 649 28
3 23 9 2321 42
23 12 21 2050 22
7 20 10 3567 55
16 1 29 2064 25
28 24 16 1733 14
24 24 28 3044 31
21 14 6 2697 38
26 4 7 902 68
18 1 2 900 5
10 13 2 2591 68
2 12 11 3349 49
19 1 12 1182 48
8 26 25 1463 55
21 7 28 3626 33
24 9 7 1566 31
17 18 22 2686 19
26 23 21 2091 54
14 6 27 675 38
23 5 22 2179 48
17 10 29 869 22
29 7 28 2562 21
8 12 5 1679 77
1 26 2 96 43
12 12 9 1755 59
11 16 8 2124 81
25 7 9 3763 24
9 17 23 1773 19
20 24 11 2260 42
15 4 22 571 36
16 6 6 1891 92
10 15 10 1951 11
16 7 19 3530 54
27 12 3 3500 26
18 28 12 93 49
2 3 11 2036 46
13 19 27 1239 55
8 7 17 1976 74
19 5 20 1314 69
27 5 21 2161 49
16 18 23 3798 52
14 4 18 194 34
21 22 11 2623 53
28 16 1 1041 22
13 11 28 2966 50
16 17 11 2449 15
21 29 8 3222 29
25 8 24 954 82
20 22 4 155 34
28 3 28 976 21
8 21 26 1620 92
21 21 9 1291 46
29 22 26 3047 58
18 27 24 1716 74
28 18 10 657 3
15 15 3 1196 5
8 13 3 2573 9
13 9 5 2453 11
12 21 1 1734 5
26 22 20 3169 47
15 24 18 3134 65
16 18 1 346 20
16 12 25 636 36
22 14 23 992 37
11 20 4 1267 55
10 21 15 2407 22
23 13 14 3160 10
14 12 26 2758 2
4 3 21 2241 38
15 8 28 2657 44
12 10 28 3773 35
1 10 17 270 17
12 2 11 2025 39
26 16 21 937 45
1 5 1 2641 23
4 3 10 2099 16
19 11 2 1672 39
29 4 28 441 13
5 6 20 2335 55
21 13 1 3603 34
12 11 6 3303 64
6 22 25 3061 80
11 14 12 3850 64
19 24 18 2059 22
14 12 25 3497 8
17 5 25 1345 70
9 5 9 113 24
23 14 3 2603 48
2 24 20 2266 58
9 3 13 1087 45
3 17 27 594 15
24 13 5 1923 56
12 13 23 1638 46
10 10 17 920 25
18 11 7 1601 14
26 9 18 1401 57
10 5 26 3636 15
9 19 18 3679 9
8 24 2 3584 18
11 4 20 2536 38
29 28 28 203 85
3 2 17 2899 45
29 15 7 741 77
9 26 14 429 29
23 22 2 2981 46
10 14 18 1138 2
20 7 2 445 53
7 9 18 1212 5
13 9 27 67 26
24 3 23 1150 7
23 22 3 1737 64
5 21 4 1721 62
28 8 23 468 58
18 8 27 170 47
13 24 25 679 38
11 3 3 1292 29
24 21 18 2855 18
29 12 19 3501 13
3 20 6 1896 12
17 4 9 1421 15
27 14 17 3845 39
6 23 22 239 30
26 17 21 3089 17
10 9 25 3320 26
14 21 4 198 9
4 19 26 2710 61
21 16 25 2084 26
6 23 19 1255 51
13 3 22 2634 55
18 21 4 2551 23
23 29 12 3381 32
9 14 16 3141 50
29 22 4 449 25
29 7 8 3662 1
25 1 29 508 27
19 13 9 3627 65
21 12 26 1652 53
6 13 28 2468 9
1 27 28 1429 33
13 3 18 1088 35
15 23 24 128 48
8 8 20 2828 50
11 7 1 3021 1
21 14 15 864 28
8 5 7 2414 5
16 27 12 2881 60
15 18 10 2399 42
21 1 2 3101 5
21 20 23 1828 28
12 17 4 182 29
2 12 20 3194 8
29 23 4 2117 43
21 8 12 1235 68
11 23 17 2876 2
1 6 14 1865 7
8 20 5 707 24
7 18 5 2721 6
19 22 13 1105 44
12 10 6 1120 67
20 19 15 2089 57
3 10 28 1414 46
26 1 26 1189 13
9 22 6 2563 10
7 10 4 1541 32
5 28 25 2313 19
3 23 3 1874 55
29 22 26 3559 4
14 28 14 1917 21
20 12 28 2145 69
11 15 17 957 14
25 2 10 2596 25
11 16 17 1582 36
16 17 10 2228 29
15 27 23 389 53
29 4 13 2373 13
27 11 27 2646 37
12 3 4 3815 58
4 16 20 1847 56
23 6 11 1904 18
27 8 12 801 10
18 20 9 2442 10
18 24 15 3485 10
4 15 16 602 8
12 1 22 939 58
26 27 21 3792 67
27 13 4 1411 29
23 20 25 3481 46
5 24 27 2170 57
5 21 25 51 55
14 10 29 750 33
9 9 17 140 56
23 8 21 3701 40
11 15 12 430 5
15 27 5 2947 42
20 14 23 2915 44
20 7 26 1309 75
5 9 28 3846 28
9 22 1 2728 74
8 20 20 1067 40
5 17 12 3753 50
27 1 16 3689 32
1 16 10 1741 43
26 5 6 2746 52
29 19 19 1506 21
25 21 13 1054 15
6 15 3 132 7
10 26 25 30 41
23 4 25 1076 12
6 28 14 1759 86
20 29 6 3191 5
13 12 8 1817 76
3 3 15 3477 38
1 8 13 1144 33
5 16 11 1364 39
23 19 17 1497 36
22 28 22 1016 62
21 7 20 320 19
16 23 24 2803 12
10 18 19 885 34
13 7 1 2789 59
25 2 12 3399 93
8 13 7 1375 40
3 18 14 2355 37
20 1 13 2016 69
28 23 22 2388 56
2 10 8 2358 11
6 13 7 552 41
22 15 27 2509 35
20 15 29 2417 46
8 18 23 3239 8
8 9 16 2455 37
3 11 28 2559 5
3 25 20 3630 4
20 1 16 3009 47
7 5 22 1649 75
25 10 3 327 19
15 23 9 2298 89
11 2 29 807 64
1 12 14 1559 35
26 11 21 2654 54
24 16 24 824 69
26 3 7 357 13
29 20 17 22 33
23 9 10 301 25
17 5 12 2796 45
26 18 26 230 8
10 19 5 2083 2
14 11 23 2618 4
8 26 23 3735 54
14 28 14 2280 25
8 3 10 3451 7
25 13 7 2504 70
28 24 22 1770 48
26 22 9 1078 16
10 29 14 2263 12
12 22 7 99 54
6 21 22 192 76
19 22 20 2060 47
2 21 1 25 9
25 7 1 1445 6
11 24 25 2844 55
15 22 5 497 30
20 9 5 2765 15
10 17 4 661 50
14 17 12 816 29
28 13 22 3071 1
22 8 28 162 44
16 29 29 693 30
28 19 24 3337 35
4 16 13 632 21
2 16 5 847 6
3 13 23 2464 44
21 11 10 84 25
18 8 16 3364 30
21 11 19 3767 4
23 29 11 884 13
20 15 8 3549 22
26 22 9 1 24
15 24 23 3719 26
8 26 10 3113 29
14 5 9 3553 16
19 21 22 1477 39
11 27 9 724 54
4 25 9 2861 48
13 26 2 3205 66
13 24 20 2367 13
24 21 14 781 26
27 6 14 2108 40
8 22 13 2490 29
9 8 24 2529 66
6 15 2 1488 49
23 13 15 2209 88
21 14 18 3741 51
24 15 2 161 35
16 14 26 3152 26
5 26 19 90 4
25 18 19 1981 8
22 14 11 2704 3
24 23 19 2909 12
28 15 2 1700 88
1 22 5 1785 40
14 21 19 3121 10
11 15 18 2428 24
15 3 3 3225 52
6 25 6 3285 58