250
5 1 7 1084 27
29 18 3 2343 54
19 16 12 1335 15
9 18 8 1458 34
18 13 20 1763 60
29 2 13 2380 25
22 1 14 827 31
16 29 25 2445 11
2 16 13 936 32
17 5 10 783 34
25 6 7 5 23
9 7 15 849 61
10 5 8 2041 29
7 25 11 2015 62
22 13 24 617 30
13 9 2 1927 25
14 13 18 938 31
16 8 26 454 14
23 12 24 1192 22
28 28 2 1945 26
8 3 20 160 36
20 3 22 757 40
10 28 17 20 13
5 18 1 1155 63
12 4 25 1696 51
22 10 27 2475 37
5 23 1 129 4
25 27 21 2395 92
18 17 18 337 5
28 20 29 1413 33
1 12 18 2089 24
7 28 17 632 82
13 14 21 736 28
16 15 10 906 84
7 7 29 1220 16
23 7 17 1881 25
11 5 12 1396 64
23 3 3 1680 43
24 8 25 64 90
18 1 28 2117 51
24 29 4 566 59
22 2 15 2349 37
2 2 28 743 80
22 21 7 2008 11
15 9 2 688 49
10 3 17 2019 28
1 7 9 313 31
18 19 24 592 7
29 9 8 1629 16
28 9 22 860 28
28 9 9 2278 49
1 29 13 128 35
13 25 10 748 13
3 9 19 702 31
5 20 18 765 19
9 16 8 802 11
25 1 27 21 31
11 8 11 38 14
10 14 6 663 5
16 16 14 208 9
3 8 1 43 42
7 7 7 2300 61
23 9 16 2410 63
11 8 10 577 21
15 17 16 1093 24
7 17 28 1199 27
28 2 17 167 40
28 8 18 1592 83
10 12 14 2 38
19 1 15 60 4
15 28 26 998 42
19 17 24 1775 37
17 27 23 234 96
20 2 15 1863 36
14 9 7 1885 12
14 7 26 552 35
21 24 7 178 35
17 1 5 426 47
16 8 14 2239 89
29 2 4 2378 62
16 25 22 980 69
25 26 8 975 15
27 19 10 1521 19
9 2 26 2226 64
7 22 24 1806 38
19 7 4 2139 1
8 12 8 2184 28
4 6 17 194 56
18 24 23 1426 34
10 19 21 1901 77
19 22 11 1460 45
27 13 27 2492 56
28 29 2 1613 5
27 22 3 1137 58
21 13 24 1819 61
24 27 8 958 21
2 12 27 872 9
13 25 16 1098 48
5 15 4 1238 10
29 24 17 519 41
13 8 9 894 37
16 13 27 1029 56
21 10 11 1858 26
16 25 22 1537 36
14 28 19 1053 33
15 18 11 710 11
29 29 20 1 40
17 7 24 331 4
4 23 15 1511 49
20 7 20 650 3
5 15 6 1869 9
29 3 20 1667 6
26 21 28 1331 35
4 12 19 839 4
19 5 16 280 17
14 24 11 302 26
19 13 28 1580 28
16 1 10 1368 5
20 2 18 1174 53
9 21 12 1036 35
10 28 6 547 27
2 28 21 2368 81
24 29 10 1046 22
18 1 17 1990 27
26 20 24 1794 35
10 11 4 672 70
19 28 25 180 55
22 20 13 719 86
3 8 29 169 50
27 10 16 276 25
12 17 15 2155 70
13 13 12 1381 45
3 4 16 2074 26
25 17 22 382 11
17 17 3 1324 8
10 8 3 47 30
16 21 8 501 7
19 8 21 1117 45
9 11 29 244 2
9 9 22 2388 13
24 5 27 436 19
21 27 9 1296 21
23 6 29 1249 23
11 18 26 535 41
16 3 2 2025 9
8 28 8 925 41
11 17 18 1144 37
13 2 13 411 70
27 15 7 1284 23
5 14 11 2080 71
27 6 23 2070 13
11 10 18 1960 70
16 28 4 1992 23
1 18 19 1657 52
7 2 14 2252 9
27 10 2 1758 23
14 27 20 890 32
29 22 12 1215 15
22 17 8 1559 29
18 27 17 1124 25
21 7 14 494 94
3 28 4 466 56
15 6 26 1568 76
24 14 14 195 22
24 27 7 1473 20
11 21 13 1187 6
11 8 23 2429 64
9 19 22 1892 16
2 12 6 1715 33
26 12 26 1097 57
14 18 15 478 4
10 27 12 554 47
12 5 16 1068 18
14 26 25 1644 50
13 18 13 1070 26
15 13 26 951 2
21 12 21 363 6
13 2 4 1492 21
2 10 20 1871 14
29 12 6 2193 1
19 13 5 1216 35
8 8 8 94 53
14 4 12 521 12
8 27 24 1741 18
24 13 12 81 46
10 12 12 1914 23
24 20 1 1553 34
19 7 25 2033 55
16 8 23 1058 50
24 5 5 1267 20
13 27 13 1071 75
2 21 28 1764 6
2 25 8 1974 53
28 15 26 2307 52
14 17 14 2463 7
28 12 6 1242 23
17 21 19 1840 23
1 2 16 75 37
23 2 3 1754 34
6 28 26 2136 30
8 6 7 2337 71
6 24 15 1311 47
24 2 8 2213 77
14 21 26 2488 42
9 11 13 394 24
4 28 24 141 27
7 13 29 1598 45
26 12 4 112 4
27 17 15 1320 29
20 5 23 1440 41
21 29 23 2509 30
19 13 14 2322 37
6 19 23 817 53
6 10 22 1021 9
3 12 16 2283 45
13 3 8 1984 33
29 14 5 99 13
12 22 15 549 21
27 5 16 479 60
4 26 9 298 43
16 27 16 2208 65
23 22 22 2454 25
18 14 27 215 75
28 20 20 1824 26
1 8 24 2472 21
23 18 11 2101 53
4 13 17 2172 20
16 12 23 2243 37
19 25 29 2053 57
23 28 13 262 49
23 11 17 883 25
14 5 20 2351 34
5 16 14 1119 57
15 28 9 349 15
22 11 22 2224 50
25 14 13 2276 57
11 29 3 1354 7
21 15 5 1732 53
2 23 11 1004 78
21 13 23 2141 59
8 26 19 1418 7
18 25 19 603 31
15 18 27 586 50
23 27 6 2271 25
18 28 12 759 36
15 22 29 1996 7
2 22 20 729 3
14 13 27 1849 23
6 10 22 261 21
11 15 23 754 26