100
29 3 7 222 22
27 2 20 280 15
5 9 19 730 18
19 27 24 606 31
18 18 24 393 19
9 17 12 964 37
21 24 29 676 51
14 20 17 914 70
3 18 20 689 7
20 23 5 249 12
16 18 2 61 43
8 3 27 532 35
7 5 13 567 13
14 19 5 717 81
16 3 1 1024 29
24 2 17 306 16
13 11 11 553 9
9 22 13 42 42
15 25 12 375 64
27 11 4 66 12
29 15 24 888 17
18 23 13 694 19
27 8 26 488 45
19 16 27 550 46
27 18 22 957 55
28 16 21 279 44
5 15 21 1040 25
9 20 29 29 6
27 16 18 619 50
21 21 14 253 17
18 9 22 519 47
9 2 9 74 11
15 1 10 365 24
7 24 28 143 24
9 2 22 238 75
2 15 29 586 11
15 5 20 790 60
28 23 27 825 68
1 25 20 429 9
6 29 25 217 10
5 18 27 383 52
24 26 18 332 27
17 12 10 806 59
6 28 19 751 40
2 16 16 899 29
9 6 17 657 55
3 22 27 124 56
9 26 10 502 9
19 16 3 756 10
9 15 18 123 64
25 27 22 629 8
20 9 8 998 34
25 22 19 321 1
21 12 22 370 18
28 15 15 483 17
12 8 19 174 28
25 16 29 343 35
2 2 13 255 57
23 6 21 159 26
15 18 25 272 74
2 4 5 782 41
19 23 3 837 13
26 29 9 968 54
26 28 29 297 76
29 29 24 940 18
8 18 25 867 49
6 13 12 464 7
21 23 14 1013 48
6 23 13 192 64
2 21 28 987 10
19 3 14 349 25
13 12 4 639 26
28 4 19 592 20
3 18 25 461 28
12 21 24 256 36
12 6 26 575 16
21 15 23 866 15
4 8 27 152 39
6 28 20 412 54
24 18 11 445 73
10 6 11 428 15
25 6 4 849 8
26 22 21 702 36
2 19 4 446 11
17 23 19 209 54
9 7 7 89 13
21 8 8 205 38
28 14 16 108 4
12 20 3 766 77
9 26 26 59 74
3 12 23 11 24
15 20 14 737 42
6 10 13 868 71
9 4 4 1 21
10 16 15 391 45
28 13 13 1015 7
29 13 16 73 16
11 6 9 933 54
5 16 21 169 4
17 3 9 874 6