300
28 28 16 1894 3
8 15 8 2284 20
3 15 25 1357 63
6 5 28 736 74
28 19 12 252 34
13 27 18 2475 25
6 11 21 1412 47
1 25 7 2517 48
21 17 13 1239 73
17 25 11 890 26
25 24 18 2546 44
16 10 19 436 59
19 1 1 144 29
29 22 16 2516 8
3 9 24 1429 60
22 3 7 843 34
14 19 23 2465 39
8 27 24 1927 18
22 12 2 1928 25
3 14 14 107 6
17 5 27 2347 28
23 8 12 2041 36
24 19 4 2836 69
17 22 18 1637 16
29 12 1 2907 21
21 21 6 1140 18
10 29 17 2718 26
15 28 15 1681 23
9 12 24 1437 31
20 13 19 2213 44
26 16 27 914 27
18 13 1 2123 67
11 18 25 467 42
21 21 24 2661 27
16 5 22 2026 8
24 21 6 479 20
29 8 21 360 37
21 12 23 2852 23
23 19 27 698 5
14 4 9 1769 39
12 22 13 2583 46
1 8 24 314 9
25 12 6 1535 26
16 12 14 1788 48
5 12 2 1035 20
17 29 8 621 27
23 28 28 1319 5
19 21 12 1905 49
16 26 22 2522 86
3 14 4 2105 49
1 14 14 2461 43
17 5 10 2487 50
18 28 23 1807 27
28 19 10 2315 44
27 1 25 1109 16
5 10 21 415 27
6 7 3 2615 31
26 10 27 32 39
2 4 8 1260 37
23 25 7 1019 6
21 1 23 2090 48
12 24 25 2732 29
7 22 15 2495 82
13 1 3 1135 21
24 10 3 1995 13
6 15 14 2329 73
11 1 9 2442 71
20 24 26 1863 25
23 14 20 2363 23
26 23 18 2482 44
27 13 1 541 87
26 16 14 73 49
29 18 8 2178 14
5 27 21 2823 31
26 1 4 1156 45
8 5 8 868 11
15 8 23 1742 48
24 3 13 2533 7
2 10 25 1404 53
18 22 21 2924 65
26 23 18 1495 17
14 20 5 1078 18
13 6 9 1310 38
6 14 5 1269 9
24 2 2 491 38
8 13 7 2704 57
16 23 13 429 6
21 1 2 901 12
6 8 1 2627 18
21 12 14 1 58
6 14 24 374 82
17 1 23 1980 6
21 11 5 2241 9
16 3 16 1724 45
16 26 2 2665 20
24 11 26 2122 28
3 8 8 2643 2
22 8 6 1989 70
20 18 22 2944 89
12 4 12 2406 35
3 28 13 1355 88
28 23 18 247 38
11 23 14 2298 45
14 29 21 1212 19
28 17 12 1577 74
15 5 26 2033 26
20 26 1 1060 30
22 16 21 2658 43
9 14 29 1227 18
8 4 20 1606 9
22 17 14 1423 12
1 9 26 1256 92
1 28 16 195 24
3 9 29 638 32
29 9 3 2753 53
8 3 17 1337 5
4 14 20 2007 19
22 2 2 112 40
29 9 2 2788 44
1 17 23 1455 1
3 17 3 18 19
9 23 12 64 14
10 21 6 2687 2
17 21 29 2434 29
1 12 2 2956 3
7 14 10 2931 20
2 27 9 2074 48
27 19 9 1805 52
18 20 22 597 3
16 27 2 2888 25
27 19 6 859 13
25 13 2 1651 27
10 19 23 1083 23
12 13 11 1592 3
19 22 1 1231 62
2 6 21 1362 71
7 10 19 2059 58
25 4 20 2452 16
24 19 19 1512 83
12 23 15 183 63
15 28 26 399 28
29 28 7 2958 41
6 20 21 1044 5
27 27 8 349 37
21 27 5 2038 31
11 22 8 522 29
20 4 11 161 53
8 7 2 2001 12
7 25 29 1303 36
13 18 12 1797 6
7 19 12 1731 23
4 28 18 2245 15
17 28 2 683 35
23 17 13 2905 21
9 23 1 954 55
24 22 5 2385 93
28 1 9 942 41
10 25 25 1000 25
16 22 17 728 82
3 16 22 835 22
9 12 13 884 48
5 21 28 1826 22
23 22 18 2549 63
8 29 25 2082 17
29 14 29 2604 35
17 28 6 2318 29
5 24 26 2402 62
11 29 24 568 1
13 11 9 91 70
27 25 19 758 62
25 28 17 2135 62
15 1 10 2839 16
19 26 13 1280 78
20 14 3 1696 81
15 28 6 750 46
10 18 25 1065 17
5 13 26 1948 14
24 16 20 550 43
7 27 13 775 10
9 25 9 806 23
17 24 6 1625 72
12 27 22 1095 36
24 11 3 1030 56
11 4 20 1896 22
27 4 13 601 31
22 27 14 830 25
9 19 3 2072 32
24 29 24 2388 77
11 6 29 2152 24
7 16 16 1962 44
22 24 29 321 35
20 1 8 340 45
24 6 11 1966 24
6 11 25 1779 70
28 23 5 1920 15
5 22 5 2770 71
5 15 17 224 41
8 16 8 613 61
24 6 13 1853 44
3 4 4 1941 24
26 10 12 2374 6
3 17 3 2422 27
22 3 12 2807 5
7 10 16 1476 33
28 25 29 174 35
19 11 19 506 8
23 16 18 670 45
26 28 19 1389 62
14 22 11 2430 27
28 8 3 656 23
7 15 23 671 2
24 6 23 1175 79
11 17 28 2564 15
11 29 24 450 79
15 13 11 2167 36
8 1 7 1308 50
5 11 23 943 11
1 26 25 2344 23
15 19 24 1753 37
2 2 8 2880 33
28 23 16 1183 6
2 29 25 1197 5
22 5 25 2255 46
11 21 12 2497 37
14 15 21 528 7
14 21 13 2977 53
13 17 29 1558 50
4 18 22 1548 42
26 21 6 913 50
20 10 5 202 10
1 13 4 971 10
12 3 5 1408 37
5 7 1 2672 78
24 26 4 2273 12
29 10 11 229 34
19 2 23 2597 17
22 17 21 2286 8
17 15 2 2275 34
29 6 27 1838 72
26 9 10 214 54
19 25 10 1937 63
11 3 21 1343 57
20 21 12 257 32
24 21 10 274 48
20 21 1 1877 65
25 25 22 409 8
29 23 29 785 28
4 21 9 1214 70
8 4 15 1278 27
22 5 23 1529 35
5 28 24 1938 28
8 6 7 586 2
1 20 23 1041 63
25 10 8 1003 31
15 22 11 1814 31
7 13 3 1096 35
7 23 24 2224 31
24 8 2 929 13
28 22 3 129 27
6 28 17 791 49
29 20 8 1749 34
5 5 20 2210 14
1 21 1 2193 17
16 16 8 1732 84
4 23 15 1124 32
16 16 18 2691 48
11 3 7 49 6
7 11 15 1372 37
11 25 12 1335 37
2 5 19 1691 11
10 25 6 1707 8
13 3 14 173 7
15 29 27 2177 14
2 13 24 304 26
28 27 25 288 58
2 20 19 2724 52
16 9 11 1650 22
7 19 16 713 59
5 19 6 1770 67
26 3 12 1110 58
12 21 9 2240 23
25 2 28 784 31
27 27 4 1506 7
16 28 22 1665 14
26 26 10 1643 65
26 5 21 1401 45
29 24 27 390 30
11 9 20 1501 7
1 2 7 1856 16
7 16 17 1023 10
9 14 25 624 2
21 17 7 552 12
17 20 6 2863 84
25 19 17 89 14
2 3 20 821 2
15 14 15 1461 33
11 25 27 989 24
20 8 25 413 24
15 16 24 1289 14
9 18 19 2736 73