100 20
 12 72 29 16 22 61 69 71 86 16 54 53 64 96 79 68 98 87 40 74 22 23 47 55 21 90 68 14 42 41 40 63 23 75  4 31 87 25 47 70  1 49 59 11 93 38  5 43 82 33 26 89 86 10 16 72 96 47  9 56  8 69 87 84 62 52 82 66 67 33  3 53 95 42 59 77 38 12  1 66 24 17 58 71 88 63 60 86  8  8 44 99 80 76 94 75 63 57 76 34
 27 97 53 16 36 28 50 41 42 86  2 45 86 43 92 73 99 84 83 61  7  8 62  3 21 50 71 95 70 60  4 58 16 30 80 71 59 75 52 25 86 48 53 54 98 36  9 78 80 88 52 30 62  8 45 77 90 52 39 95 86 15 98 59 22 43 85 93  6 46 51 97 79 46 71 18 33 13  3 32 28 48  8 42 26 26 95 44 74 82 28  4 42 81 56 38 50 12 43 51
 24 57 68 58 76 70 72 56 56 55 89 23 42 26 87 17 38 24 82 55 47  7 99 89 20 65  3 45 89 96 16 42 70 69 77 46 20 71 91  8 34 72 40 82 60 59 59 43 72 10 63 67 12 41  5 25 67 95 46 37 41  2 25 99 48 24 18 10 23 66 82 84 14 13 88  7 40 20 68 22 92 53 16 10 23 88 65 11 89 78 94 32 64 42 74 87 63 94 87 72
 42 16 44 75 32 66 31  6  6 52  7 92 45 70 72 48 86 63 61 92 73 49 53 20 97 58 59 29 98 61 83  8 83 73  2 56  7 15 55  3 73 13 47 76 15 43 44 13 16 18 16 18  3 11 98  9 28 44 14 39 76 92 59 95 11 55 56 16 56 23 84 22 32 40 47 92 61 51 74 85  6 13 32  8 43 30 53 24  2 11 33 27 35 40 40 96 69 23 32 13
  5 42 47 47 47 78 94 18 14 97 54 73 94 17 97  7 94 94 68  4 60 70 68 22 17 59 98 55 76  3 21 10 11 44 29 43 60 14 46  3 60 72 90  1 42 74 54 41 15 38 24 91 49 23 63 88  1 30 85 22 94 39 70 85  7 65 43  4 60 90 73 21 25 33 48 25 27 37 63 28 88 27 94 20 54 17 74 35 15 53 64 38 79 45 67 93 16 59 47 95
 27 69 38 66 21 65  3  7 10 11 41 64  9 15 71 86  2 26 57 78 84 20 21  3 39 64 51 83 12 16  3  1 88 80 77  2 14 60 45 39 32 97 98 65 86  6 14 99 93 54 54 92 57 39 13 70 73 16 43  9  2 76 38 66 21 32 78 41 52 88 76 14 86 35 81 32 75 38 55 96 19 35 41 77 36 24 52 60 43 30 86  6  8 31 80 82  2 59 47 21
 51  9 22 15 84 38 71 11 45 48 29 31 14 56 59 35  7 20 48 88 54 30 81  2  1 78  8  8 71 60 41 39  8 96  3 79 48 23 38 85 32 69 56 99 51 59 47 79 67 83 58 49 50 19 64  5  5 52 15 26 67 11 77 74 88 83 96 73 59 94 15 50 20 54 16 33  9 74 11 21 97 15 43  2  1 74 37 61  3 75 41 86 51 65 42 50 48 88 52 46
 48 44 73 95 72 12 30 22 25 92  5 44 90 35 24 64 82  7 34 91 59  5 47 96  7 53 60 77 61 14 88 97 92 65 73 19 99 92 19 66 25 79 36 10 23 37 76 83 58 99 29 35 49 89 79 82 92 45 42 21 51 30 70  2 20 82 13 92 91  2 80 38 54 45 19 65 35 66 26 18 32 51 23 18 87 74 10 76 31 31 93 61 26 39 83 11 57 81 40 97
 42 18 31 18 55 82 64 36 48 74 17 60 18 88 37 29 19 51 20  7 43 77 95 92 27 70 91 74 62 80 85  8 39 85 83 76 31 12 69 26 54 91 61 27 88 53 47 39 14 78 90 90 50 64 94 79 10 18  7 26 51 23 43 95 57 30 86 80 55 76 12 91 95 28 12 18 80 32 67  2  4 30 64 69 76 92 50 35 20 23 52 25 82 18  2 29 70  7 36 96
 31 49 78 23 37 34 43  7 69 97 15 38 80 78 89 95  1 18 11 11 92 99 81 79 53 47 48 32 58 33 65 86 60 47 89 40 72 54 29 57 93 65 39  8 87 57  5 56 80  2 17 84 86 65 53  5 16 58 60 78 25 71 93 99  6 62 60 33 57 79  7 69 82 26 41 52 38 21 84 74 76 16 75 75 36 79 71 82 70 22 39  8 22 79 90 55 77  3 20 61
 48 92 43 35  7 51 85 66 87 71 16 40 22 12  2 90 63 52 15  6 18 87 66  7 43 27 78 80 73 86 82 33 92  8 87 64  7 26 79 49 71 72 69 30 28 46 75 78 34  4 23 69 33 11  5 54 42 12 40 30 51 94 24 28 84 69 44 98 36 21  9 48 30 15 21 43 91 49 86 36 41 10 75 56 70 73 57 51 34 62  3 34 27 29 25 97 30 28 48 99
 51 84 28 63 86 99 27 24 36 83 24 54 34 49 43  5 70 56 71 12 30 77 55 92 78 79 52 19 16 21 37 85 56 29 56 23 19 52 39  4 46 59 22 76 34 63 32 72 92 72 26 46 30 49  3 81  4 46 95 20 56 57 85 31 44  1 11 72  6 68 62 18 21 48 32 42 79 74 82  3 64 90 10 72  2 49 88 53 59 88 97 98 94 95 93 95  6  1 15 66
  8 37 33  4  8 38 97 75 76 93 69 10 25 40 88 90 57 39 29 97 51 97  5 75 91 80 81 60 97 14  2 55 97 60  8 30 87 42 16 56 86  4 30 15 24 23 57 81 77 43 82 97  3 46 86 62 26 56 67 87 46 66 53 34 52 81 68 48  4 25 76 46 13 72 72 82 32 25 58 17 99 54 81 73 93 73 79 54 72 37 68 22 94 37 15 31 46 33 82 75
  1 77 92 57 46 75  2 14 14 79 64  8 73 15 71  6 54 59 49 38 21 60  8 35 81 96 61 89 58 32 59 89 99  7 79 38  1 67 63 42  3 29 23 21 25 48 33 92  2 12 32 38 67 93 80 75 59 51  7 65  6 59 30 67 41 32 63  7  8 89 51 81  9 13 27 74 59 98 31 98 48 74 76 75 78 11 71 54 10 96 97 75 41 30 73 84 22  8 98 68
  1 59 53 22 10 48 94 46 57 55 66 69  7 13 64 83 39 46 59 36 69 47 83 25 12 28 30 49 81 56 96 89 73 52 12 98 12 40 70 35 58 95 41 71 90  3 68  5 18 26  2 21 86  8 33 88 33 65  8 89 46 76 57 51 58 62 59 71 12 11 82 56 57 53 45 96 31 39 12 13  8 49  4 33 22 30 34 19 24 56 96 35 43  8  5 65 64 20 54 38
 28 81 96 99 79 97 15  6 77 98  5 51 51 60 17 98 46 87 44 18 71 93 97 44 18 59  9 45 78 67 65 50 87 29 80 14 70 10 30 19 51  4 23  9 62 30 20 69 88 22 43 63 67 22 82 41 69 81 21 54 42 53 52 26 69 80 46 10 81 99  6 90 79 34 56 75 54 94 84 55 64 14 18  6 27 20 54 30 58 35 66 85 78 15 29 31 45 41 84 51
  4 40  5 37 80 46 14 81 16 10 79 35 41 83 13 93 55 48 35 75 66 82  3 79 78 48 99 91 29 87 27  2 48 33 92 15 55 24 59 41 49 88 67 49 81 89 43 24 70 74 44 23 89 96 80 44 69  7 10 15 55 27 55  2 82 42 88 84 38 69 31  5  3 37 14 35 61 43 38 48 89 86 37 20 33  1  8 61 41 40 10 10 75  9 81 40 13 10 53 28
 44  6 18 51 77 47 27 17 42 84  3 69  3  6 94 58 65 36 28 68 73 81 12 89 53 14 88 78 63 81 29 15 81 84 36  8 60 24 57 87 61 57 85 45 69 15  7 87 58 61 82 73 84 63 14 73 84  9 38 67 76 18 70 69  4 58 66 11  1 51 38 16 81 39 56 83 27 29 93 70 64 22 84 25 73 81 10 46 32 38 68 40 33 79 64 36 62 82 44 99
  6 49 84 72 39 51 77 59 97  5 83 51  9  9 59 30 86 49 46 13 45 51 68 82  6 99 12  8 36 24 82 73 66 69 71 70 61 42 77 10  2  6 24 97 15 91 32 68 17  1 49 25 46 37 56 50  9 62 10 89 66 98 10 70 92 36 82 54 34 34  5 12  3 56 44 41 14 25 78 25 89 83 78 23 51  7 20 30 30 30 63 82 40 39 37 44  2 27 71 45
 57 88 88 43 25 81  3  3 78 97 74 71 50 70 23 43 51 97 57 77 90 58 75  4 12  2  4 28 54 39 30 71 89 33 85  2 69 20 64 94  3 41 37 36 74 53 49 77 13 37 34 31 15 32 45 50 81 46 93 13 47 50 70 21 41 12 18 28 22 60 69 49 38 80 52 45 34  3 61 96 99 49 78 34 78 79 64 55 63 24 58 25 93 73 45 93 37 64 92 59
