24.1
25.1
26.6
23.6
29.4
29.2
31.1
25.9
27.7
27.7
40.6
29.5
27.3
27.7
30.2
30.0
30.3
32.0
29.5
32.5
30.5
25.7
25.3
27.7
26.6
20.8
21.2
23.8
24.7
22.5
25.9
24.5
15.0
14.9
16.6
20.9
18.5
22.3
26.8
24.4
24.5
19.8
28.2
16.9
16.2
21.5
19.2
19.9
20.9
17.7
21.3
19.3
18.8
17.6
14.5
19.6
16.5
15.5
13.8
7.5
1.0
4.7
3.3
11.2
14.0
16.1
13.3
10.6
8.4
15.2
11.0
5.8
9.5
10.0
7.6
7.4
1.0
1.0
8.7
4.9
12.9
15.1
7.6
13.8
10.7
7.8
6.7
9.1
10.7
10.9
5.3
7.3
10.3
11.5
12.6
9.1
11.4
14.2
15.9
17.1
19.4
10.8
15.5
22.6
19.8
17.8
25.5
18.1
19.2
22.8
22.1
27.1
21.5
21.1
20.9
19.5
25.1
19.3
20.6
20.6
21.9
20.9
21.6
21.6
22.1
22.3
22.6
26.9
28.0
24.5
21.5
23.9
26.1
24.5
27.5
24.2
27.0
21.9
25.8
27.7
24.8
22.5
24.5
24.8
26.6
30.5
28.6
26.9
33.2
31.9
31.0
30.5
32.1
30.1
30.3
21.4
20.8
27.2
21.3
24.6
19.8
28.0
18.2
26.2
26.3
26.5
28.1
28.0
23.8
17.6
18.3
17.9
17.9
18.7
23.3
16.0
26.2
21.5
24.8
24.9
24.5
24.5
19.9
18.4
21.0
17.1
17.1
17.1
16.5
16.5
15.8
15.7
15.2
15.8
15.5
14.5
13.8
13.8
16.1
17.0
12.2
11.3
11.3
10.9
10.4
9.9
19.0
7.1
16.1
4.7
5.0
5.6
5.8
6.4
6.9
13.5
16.3
17.1
20.6
17.9
17.0
18.0
14.4
20.1
20.6
20.9
23.4
23.1
23.1
25.8
21.5
20.6
28.1
28.0
22.9
26.0
27.5
28.1
30.4
33.9
27.4
25.4
25.5
31.5
27.3
31.1
34.9
35.2
39.3
40.5
39.2
33.9
32.7
38.4
28.5
22.6
26.6
29.1
33.6
36.1
32.7
32.6
36.9
32.4
18.8
21.4
21.6
25.6
39.8
35.1
26.2
24.2
32.2
30.3
32.0
31.3
32.1
30.4
17.4
30.7
19.3
23.9
28.0
23.7
22.5
28.3
24.8
25.4
23.4
16.8
22.6
17.9
20.2
16.6
16.4
10.8
16.9
15.9
20.1
20.7
21.6
25.7
23.6
20.8
22.6
16.6
12.8
7.5
8.3
11.3
12.9
10.5
5.9
1.0
10.2
10.0
5.5
10.6
2.3
8.3
4.9
6.8
11.8
8.3
14.4
10.2
7.3
14.4
10.0
13.4
2.3
15.2
12.2
17.1
18.5
19.9
21.1
18.9
19.6
31.2
28.6
28.6
31.2
33.9
34.6
33.1
38.9
40.4
42.9
33.5
37.2
38.7
50.0
42.2
39.8
38.0
42.2
40.3
39.5
32.8
34.3
41.5
34.8
38.7
38.0
34.2
38.5
33.9
33.8
35.7
34.2
33.6
26.6
31.7
31.7
31.2
33.2
30.0
29.6
29.6
30.9
28.0
24.6
24.3
31.8
27.5
23.0
26.3
32.8
31.6
27.3
25.8
22.6
16.2
26.0
18.6
23.2
19.2
19.1
20.1
23.3
19.3
19.1
20.9
18.2
14.9
17.5
17.1
16.5
19.5
16.1
16.6
14.8
15.6
17.7
13.8
13.0
8.3
11.8
9.7
10.9
8.3
9.9
9.4
7.1
8.9
7.1
9.4
9.4
8.3
12.6
11.3
7.4
8.3
8.9
12.1
14.0
15.9
18.9
13.8
17.7
21.7
19.9
16.2
19.1
21.8
21.8
29.5
30.7
24.3
29.1
30.3
33.8
34.0
34.5
34.0
37.3
33.0
29.9
36.2
37.3
31.9
36.3
37.7
40.4
40.3
38.3
42.5
37.8
36.5
38.5
33.4
34.1
40.0
38.3
37.5
38.2
38.3
31.1
36.6
34.2
35.9
35.1
35.6
35.7
35.1
34.7
32.5
33.9
30.3
37.2
37.4
32.5
36.3
31.4
31.0
30.8
30.5
26.5
29.8
28.0
29.3
28.9
27.4
27.1
25.0
27.4
28.0
27.3
25.4
26.8
20.6
25.9
24.9
26.0
25.8
24.1
25.4
25.2
27.7
25.0
24.8
21.3
24.6
24.3
24.3
23.9
23.7
23.7
23.5
23.6
23.0
22.9
22.6
22.3
16.9
15.2
21.6
20.9
21.3
21.1
20.9
19.3
16.6
23.6
20.3
20.1
19.9
10.0
16.6
26.1
22.7
14.3
19.8
10.7
13.2
17.4
12.6
10.9
15.7
11.1
13.6
15.5
13.0
14.5
15.1
12.1
17.6
14.1
7.5
16.1
3.0
13.2
9.9
8.6
6.5
11.5
5.8
5.6
5.6
7.9
10.0
5.8
7.1
6.9
7.7
6.9
4.7
3.7
5.6
10.6
2.5
1.0
1.0
1.0
4.7
4.1
3.0
10.7
9.4
3.2
10.7
14.4
8.6
8.4
9.7
3.8
1.0
1.0
6.1
4.4
8.7
7.7
9.1
11.3
1.0
6.4
15.1
14.1
13.6
10.2
10.6
9.7
19.9
16.1
16.8
17.1
17.4
17.7
17.4
18.5
19.5
18.1
17.8
19.8
21.9
21.8
21.6
20.1
20.4
20.9
21.4
21.9
22.3
22.8
19.5
18.4
22.3
22.3
22.5
16.9
15.5
21.0
18.8
21.9
18.3
21.2
23.3
22.6
21.9
21.2
21.9
21.9
22.5
18.1
18.5
17.0
20.7
23.0
25.0
24.8
24.6
24.8
20.9
22.7
19.2
19.6
20.0
19.2
20.6
21.0
16.9
20.1
19.4
19.6
17.0
17.9
16.4
16.0
15.7
17.1
15.9
15.2
16.1
15.5
15.2
10.4
10.5
9.2
15.1
9.4
10.4
10.8
10.4
6.9
8.3
4.3
1.0
1.0
6.0
1.0
10.6
11.1
11.1
7.5
8.3
10.3
6.2
9.7
10.6
7.9
9.0
2.1
4.2
3.7
8.2
0.8
0.5
1.1
1.0
1.0
1.0
1.0
1.0
1.0
1.0
1.0
1.0
1.0
1.0
1.0
1.0
1.0
1.0
1.0
1.0
1.0
1.0
1.0
1.0
7.5
1.0
4.1
7.2
2.0
2.5
10.1
3.5
1.8
1.0
2.3
2.8
1.3
12.0
6.5
5.5
8.3
9.5
1.0
9.6
3.5
12.4
6.7
10.0
13.1
8.6
11.9
16.4
12.5
11.5
14.5
10.4
6.9
15.1
6.9
11.7
13.2
4.0
8.4
13.5
11.6
13.8
13.5
17.7
15.9
17.6
9.3
23.7
18.7
21.7
17.5
18.1
19.1
25.6
15.9
26.4
27.3
24.3
21.0
20.8
19.6
14.9
21.8
23.8
19.4
17.0
18.9
24.1
31.4
16.0
14.2
19.9
22.3
21.1
19.0
15.7
16.7
16.6
18.5
14.6
15.6
18.4
23.0
18.9
16.5
17.5
15.9
17.6
9.9
15.8
17.9
14.0
5.3
13.8
13.6
18.5
17.5
15.9
11.7
16.3
15.5
17.3
13.5
16.0
6.0
13.5
16.9
9.8
14.0
15.8
6.5
8.8
8.3
9.0
14.3
5.8
6.9
9.0
3.3
3.4
4.2
6.2
5.9
13.3
5.9
0.5
1.0
2.1
12.2
11.1
3.0
6.8
8.3
3.8
1.0
1.1
1.0
1.0
1.0
1.0
1.6
1.0
1.0
1.0
1.3
1.0
1.0
1.0
1.0
13.9
14.4
9.8
1.0
13.5
4.5
1.0
1.0
2.9
13.9
15.6
1.0
2.0
6.4
12.0
14.6
5.4
12.0
12.0
17.3
15.7
12.1
12.0
10.3
14.5
12.9
13.1
19.0
15.2
17.8
19.1
22.9
19.8
13.3
22.5
19.7
26.2
18.4
21.7
24.1
21.4
23.8
23.8
20.5
23.2
22.2
23.7
21.9
21.4
23.0
25.5
25.6
24.8
30.1
31.7
23.3
27.8
22.4
23.4
23.9
21.6
20.6
22.2
27.1
31.2
26.1
27.4
30.4
28.1
23.0
24.0
26.1
23.8
22.8
27.0
29.4
33.0
25.9
25.6
20.9
22.5
25.0
29.3
28.7
28.9
21.7
22.4
30.9
23.4
19.4
18.1
21.2
23.5
19.3
21.5
20.8
16.7
17.3
23.6
23.5
16.1
20.2
16.1
11.3
8.8
8.4
14.2
11.5
16.3
10.1
11.7
10.3
4.5
10.9
2.3
7.7
6.9
10.2
8.0
7.0
9.4
6.3
13.0
5.5
2.9
8.8
8.2
8.7
5.6
10.2
15.4
17.2
18.4
8.0
15.3
13.6
24.9
20.8
18.0
24.5
24.3
32.1
31.2
32.0
28.1
30.1
33.2
31.7
38.4
33.8
35.9
34.6
33.3
31.2
37.7
35.3
46.4
44.2
42.7
37.3
37.8
33.9
40.5
41.1
37.2
31.4
35.7
33.1
36.6
38.7
29.4
38.2
36.1
37.7
31.1
33.3
28.3
27.3
30.4
28.0
28.5
32.9
32.4
28.1
24.9
23.2
23.4
29.4
36.8
37.0
30.5
26.4
25.3
28.7
29.9
26.2
25.8
26.5
22.0
24.7
24.1
27.4
23.5
23.3
23.2
15.2
17.0
17.0
19.9
26.1
23.6
17.3
19.7
18.9
16.6
13.7
19.6
13.9
14.5
14.4
16.1
15.5
13.9
10.7
16.0
13.2
19.4
20.0
12.8
11.0
5.2
8.5
9.2
14.2
9.7
9.2
10.3
5.8
6.6
13.4
10.8
9.1
11.7
11.2
14.1
10.2
5.3
14.2
15.1
7.7
14.3
9.8
14.3
15.7
20.8
20.7
23.9
21.8
17.4
17.3
17.8
17.0
20.1
19.7
24.5
19.5
22.6
25.4
26.5
24.5
25.6
21.5
23.4
33.2
23.7
24.6
25.7
25.1
21.1
29.5
21.1
27.7
29.5
22.8
38.1
40.9
43.3
37.9
33.5
40.6
33.9
33.4
33.2
32.4
36.5
37.9
37.0
32.0
37.0
34.3
40.7
24.6
39.3
29.4
43.8
29.0
34.3
24.6
18.8
22.5
30.2
43.5
30.1
30.6
26.0
23.9
25.7
21.6
31.9
37.1
14.9
18.5
21.8
28.7
20.0
43.8
22.2
11.5
20.6
24.6
23.2
20.0
16.2
21.6
28.5
18.4
24.8
23.2
37.0
20.2
28.0
19.2
21.0
16.8
13.7
16.6
32.1
29.7
24.4
23.0
16.3
24.0
19.5
13.1
24.4
19.2
16.4
14.7
11.2
6.2
10.6
9.3
14.6
15.4
18.7
18.9
9.7
12.1
8.5
17.1
17.1
15.4
12.7
15.1
9.7
11.8
7.1
14.5
8.4
2.0
6.7
1.0
7.1
6.7
7.6
2.9
7.0
2.2
8.1
1.0
9.3
6.4
7.4
7.1
7.6
8.5
8.9
8.1
8.2
6.3
10.9
16.7
11.2
13.2
12.9
14.1
18.2
17.7
20.1
22.8
16.1
30.3
17.1
21.7
21.1
21.6
25.3
24.2
19.8
21.2
24.8
17.4
30.8
24.3
24.5
31.7
25.3
35.5
28.6
24.9
19.8
24.8
21.7
22.7
34.2
24.5
19.4
26.5
52.1
43.6
25.0
21.6
21.9
23.7
38.2
18.5
35.1
32.9
50.7
34.3
38.4
17.7
31.8
25.6
32.6
20.7
26.4
16.7
20.1
25.4
17.9
14.3
18.2
20.5
25.4
29.1
19.5
20.4
23.9
20.7
20.6
18.0
20.2
14.1
24.0
17.9
22.1
12.2
15.0
21.2
21.2
30.1
17.5
16.4
16.3
14.7
38.6
25.0
41.5
11.0
16.8
18.7
21.7
27.9
23.3
21.1
19.2
18.3
18.8
15.6
19.2
14.6
15.8
15.1
13.7
11.3
26.4
12.6
8.7
8.3
8.7
7.9
7.7
7.9
9.6
10.8
4.0
1.0
2.6
8.1
7.9
5.6
3.9
6.2
6.9
11.8
15.0
8.1
22.7
16.8
10.8
13.9
15.1
14.7
18.0
24.0
15.9
18.5
33.3
23.7
32.1
27.8
28.2
26.4
27.2
44.6
35.4
32.0
41.0
33.7
25.0
23.8
33.4
14.5
40.7
25.9
48.0
37.3
44.5
32.3
78.9
63.7
30.2
54.6
59.3
18.4
37.7
30.5
29.0
21.9
31.6
31.4
37.0
31.2
28.7
29.5
30.6
20.6
36.1
43.4
20.7
36.4
28.7
34.2
35.7
27.8
29.0
30.6
29.8
29.6
26.8
37.0
21.0
32.1
31.6
35.5
28.3
16.0
23.1
33.8
21.3
21.3
26.5
17.9
20.6
20.7
19.5
25.2
20.5
16.0
20.6
11.8
19.1
14.8
17.3
10.4
14.0
13.9
12.2
10.1
15.6
6.2
10.8
26.2
12.6
19.6
15.1
27.0
6.1
7.5
4.5
14.2
10.9
9.9
8.5
11.5
11.3
18.9
6.7
13.5
14.3
9.4
8.2
8.0
7.7
9.9
14.1
13.3
4.4
6.1
12.6
9.5
0.5
11.7
10.4
0.7
1.0
6.8
3.6
5.9
2.9
2.8
2.1
1.0
8.2
4.9
8.5
9.0
12.4
6.1
12.1
12.5
7.3
17.4
21.4
12.1
10.8
15.2
16.2
14.4
26.8
25.6
15.3
18.4
13.0
19.5
14.3
41.6
19.7
18.6
19.2
24.1
42.5
19.5
20.0
29.5
23.5
12.5
23.4
21.6
39.0
40.4
19.9
22.8
17.9
21.6
27.8
23.4
21.1
22.1
23.6
22.8
20.2
19.1
25.6
38.8
21.1
30.8
40.9
29.3
33.5
24.7
17.1
29.1
14.0
20.7
12.8
21.6
19.0
21.8
19.8
16.0
10.5
26.0
21.1
26.9
18.6
23.8
15.9
13.6
19.1
17.6
20.0
18.4
16.3
23.5
12.3
28.3
28.3
23.2
15.0
18.6
14.5
14.7
8.2
1.0
13.1
9.0
11.1
5.8
7.7
13.4
6.7
15.7
20.5
9.1
7.8
8.7
12.6
9.6
8.3
9.8
7.2
9.1
7.5
5.0
5.7
7.2
4.1
8.8
7.2
3.0
9.8
8.0
5.8
4.9
8.5
9.1
15.3
6.7
3.4
0.6
8.7
7.0
2.4
6.8
3.1
6.9
3.1
10.3
11.5
11.0
12.1
9.4
8.3
14.4
13.9
7.0
10.9
18.0
21.8
28.5
19.5
26.4
20.7
15.9
17.4
29.3
34.6
24.1
39.2
26.4
28.0
28.5
29.2
19.8
30.1
21.0
38.3
36.4
18.9
24.3
29.2
31.1
30.0
48.3
50.3
16.9
21.3
33.5
49.5
29.8
21.5
23.9
27.0
28.9
30.1
33.0
26.8
29.9
37.2
16.0
21.6
29.2
23.9
13.5
20.0
37.5
14.1
24.2
31.3
22.4
38.3
26.7
23.3
16.0
28.7
25.8
31.8
15.3
20.8
20.2
14.3
35.7
17.3
22.2
12.5
13.7
21.8
15.1
25.1
14.8
7.4
7.3
10.2
20.5
11.8
7.2
20.3
16.2
23.8
33.6
13.0
10.2
11.7
10.4
20.0
18.7
17.6
22.8
9.3
13.1
9.5
13.8
6.0
5.8
12.0
10.6
6.0
11.1
19.8
7.6
9.6
9.0
17.8
10.3
16.7
15.6
11.6
9.3
7.9
9.1
11.2
5.7
1.3
1.3
4.1
8.0
1.0
13.7
6.7
2.1
2.7
2.2
5.9
4.3
1.0
8.1
1.0
17.6
1.0
3.9
3.5
2.9
3.7
10.4
11.6
13.3
3.3
6.8
7.4
15.1
18.4
16.2
16.8
15.0
23.8
10.7
28.5
34.2
25.0
18.6
10.5
18.1
16.9
14.9
16.0
20.1
30.1
16.4
18.1
16.4
34.4
26.7
31.9
31.1
12.6
26.3
13.0
48.1
23.4
23.1
26.2
34.2
14.9
26.1
15.8
37.4
25.5
23.2
39.2
21.2
25.5
15.3
12.7
23.7
23.4
21.7
25.6
33.4
23.7
23.0
26.8
19.5
12.7
16.9
28.0
29.4
22.7
17.7
12.7
15.6
32.6
23.2
28.8
23.9
29.6
24.2
23.9
24.7
16.3
31.3
27.5
41.0
18.8
15.7
11.5
30.9
9.2
17.1
29.9
24.1
32.2
15.0
25.6
8.2
7.8
13.1
9.9
10.5
10.2
21.1
24.7
7.2
6.5
4.4
9.4
8.5
12.9
8.3
4.0
4.9
4.9
6.3
4.5
4.5
4.1
1.4
1.0
6.0
7.7
4.9
4.8
4.9
1.6
7.2
7.6
3.5
8.4
3.6
4.4
1.7
2.9
1.0
1.0
3.7
1.3
3.6
4.6
2.2
6.8
6.1
5.0
5.1
10.4
8.2
14.6
5.6
9.1
13.2
8.7
8.1
14.1
10.4
27.3
21.1
25.8
33.4
57.0
32.9
26.7
20.0
25.7
14.5
13.9
21.3
25.8
23.4
34.0
30.9
50.2
39.9
21.5
26.8
37.4
29.2
24.3
21.0
35.3
19.8
46.7
31.0
27.1
33.5
61.0
45.2
27.2
22.3
46.3
21.6
27.5
27.1
21.4
33.7
49.0
28.1
25.8
25.1
25.7
58.0
29.6
27.9
40.2
25.2
24.0
34.1
25.5
22.7
29.0
14.2
30.6
26.7
16.9
31.3
27.4
46.7
7.8
16.8
12.2
10.5
12.2
23.5
14.1
15.9
17.5
18.2
9.2
16.2
13.2
20.6
23.6
29.5
18.4
10.8
19.0
17.6
20.6
9.8
23.2
42.3
11.7
10.1
6.7
11.2
8.3
4.2
6.5
5.4
16.4
8.2
3.3
5.2
5.8
4.2
11.6
5.5
1.9
7.8
8.1
9.2
5.3
1.9
9.8
4.0
16.1
14.6
14.0
15.5
11.7
12.2
10.1
20.9
13.9
7.1
17.5
12.4
17.7
18.1
41.1
13.1
24.9
18.8
31.3
34.0
26.0
23.7
40.7
29.3
19.1
21.8
21.0
39.7
15.2
29.2
37.1
29.1
21.7
26.5
39.4
36.6
34.0
24.6
25.7
26.9
18.4
29.9
24.5
24.4
25.6
21.9
37.3
24.1
37.2
52.2
42.8
29.8
19.6
32.0
19.5
23.6
32.1
23.0
22.8
27.2
11.9
19.6
20.5
15.5
30.2
15.1
22.2
25.7
31.8
24.4
37.3
13.3
15.3
12.2
17.3
8.4
13.3
20.4
15.4
24.3
15.1
10.6
26.8
12.7
9.2
9.3
15.6
12.2
12.6
7.3
6.2
14.9
11.0
10.9
11.5
11.5
12.1
13.5
10.6
9.6
7.5
5.0
7.0
8.9
6.8
12.4
25.5
8.7
5.4
5.1
5.8
5.8
1.3
5.7
6.0
2.3
1.4
5.3
5.7
6.1
10.4
12.6
9.6
9.2
8.9
5.7
4.8
9.2
14.3
8.2
8.9
19.8
10.8
21.4
12.6
16.6
10.8
17.4
23.2
23.6
14.9
22.1
19.7
18.1
19.6
15.3
24.2
16.4
18.4
21.9
26.7
48.2
46.0
47.4
44.5
40.7
40.7
50.5
44.6
42.3
36.6
18.3
43.9
20.2
36.3
21.7
41.0
36.4
18.5
24.5
19.7
30.2
26.9
34.5
38.0
32.6
27.1
21.3
17.3
25.1
29.5
27.3
22.4
31.1
32.7
27.0
20.1
19.0
12.0
13.2
13.8
23.8
14.7
23.3
27.6
24.7
24.5
30.5
14.1
21.2
41.9
20.5
19.8
12.8
12.1
11.3
25.2
35.4
27.8
31.4
10.3
25.8
19.5
21.1
19.2
38.4
25.5
15.0
8.3
13.5
12.8
7.7
12.8
17.5
13.8
7.8
19.9
12.6
9.9
9.3
6.2
10.5
13.0
10.6
6.0
8.5
12.7
5.6
1.8
12.1
1.5
6.1
4.0
4.7
9.8
8.5
11.0
6.9
17.4
9.3
7.0
15.7
20.3
14.5
19.6
32.6
19.8
20.6
17.7
11.1
10.2
26.2
22.0
19.1
21.4
39.4
27.1
30.5
19.4
30.9
29.7
30.8
26.1
49.0
39.4
50.8
53.5
60.9
50.9
31.9
74.3
50.8
56.3
48.7
20.1
17.2
17.9
32.8
27.1
69.3
26.6
28.3
35.3
55.9
44.9
21.8
46.2
29.6
34.7
31.6
22.7
22.1
41.3
44.6
47.9
37.3
47.8
18.9
20.6
28.1
55.3
34.6
26.1
31.2
19.1
20.6
18.0
19.8
25.9
21.6
34.3
34.2
14.3
23.0
39.0
65.1
49.1
27.4
33.2
27.7
22.2
10.4
22.7
17.9
16.8
22.2
13.7
13.0
22.3
25.4
19.1
20.3
11.1
12.7
20.8
21.7
5.3
12.8
23.0
11.9
10.5
10.0
25.5
12.0
7.1
3.8
4.1
1.3
1.8
13.7
3.8
2.4
1.3
4.8
6.9
3.0
7.0
13.8
8.8
11.7
10.9
6.8
11.7
17.6
21.3
16.1
26.1
26.1
37.2
30.7
13.8
31.0
78.5
16.2
43.4
26.3
26.3
38.4
33.1
42.9
24.0
51.4
24.1
41.8
13.6
26.4
41.4
33.5
41.7
48.1
43.6
44.2
31.3
27.6
63.0
49.2
16.7
58.2
50.5
48.1
35.5
37.6
35.6
31.6
42.2
63.1
54.0
43.0
31.8
35.6
36.3
53.1
13.8
29.7
43.6
44.6
20.9
32.0
25.9
32.9
39.6
28.2
23.6
19.5
32.0
31.2
76.3
36.4
31.4
