450
4 177 188 1
5 30 40 3
1 170 182 1
3 179 189 1
7 268 279 5
1 243 259 1
11 63 88 7
7 50 75 5
5 47 54 6
6 181 194 7
4 179 201 1
3 32 43 1
7 37 45 10
1 55 61 1
1 35 47 2
1 32 35 1
10 68 80 13
4 51 58 6
4 49 58 4
18 68 101 18
13 40 60 14
5 46 53 7
3 110 127 3
2 191 197 1
2 231 234 1
3 69 81 1
3 40 61 1
2 236 254 2
14 60 81 17
2 44 47 1
7 176 192 9
5 232 241 7
2 113 117 3
4 186 197 5
6 60 70 6
3 73 77 4
9 185 209 11
4 150 162 4
2 154 163 1
3 222 230 4
6 25 46 4
4 145 156 3
11 157 175 8
1 162 174 1
1 194 201 1
9 68 82 10
6 21 30 8
2 65 70 3
5 185 191 9
5 187 198 8
1 44 53 1
16 68 88 21
4 77 93 1
1 239 248 1
2 125 139 2
7 30 44 5
5 4 15 7
6 134 154 6
2 237 240 1
1 65 72 4
2 205 216 1
14 36 59 13
5 267 281 5
1 239 246 1
4 9 19 2
3 35 39 5
8 37 56 7
6 68 86 2
3 266 279 1
4 37 47 1
1 72 79 1
2 235 244 1
10 93 107 13
3 59 72 3
1 51 62 1
9 98 119 7
4 55 65 2
2 69 73 1
1 112 113 1
13 63 77 17
6 64 71 7
2 47 55 1
11 45 70 10
2 129 137 1
22 71 94 35
6 182 190 10
17 42 62 23
5 45 66 4
2 187 195 1
3 217 222 2
7 139 155 8
4 86 94 6
11 61 74 15
3 190 206 1
1 182 193 4
1 62 69 1
3 33 40 4
8 35 48 7
9 34 51 9
3 186 189 5
6 51 63 5
3 88 94 1
2 241 252 2
1 210 215 1
3 72 98 2
2 107 115 3
1 59 63 1
5 133 141 4
2 50 76 4
2 158 167 2
13 41 60 13
3 186 198 1
7 34 42 11
10 34 48 14
2 36 61 1
4 46 58 1
10 67 85 9
2 233 242 2
3 193 204 4
17 226 247 19
2 154 166 1
22 164 198 24
10 67 84 8
5 87 96 8
5 172 177 7
8 178 200 7
5 61 71 4
11 37 63 8
6 55 62 10
6 64 78 5
5 36 45 3
8 74 87 4
3 122 132 1
17 178 217 19
2 36 39 1
9 238 259 6
5 176 207 5
4 101 113 4
1 57 65 1
6 103 120 3
1 98 110 1
1 32 41 1
3 56 69 2
1 177 181 1
1 130 140 1
6 132 140 9
9 57 69 13
12 243 260 9
2 50 54 2
7 185 198 9
3 62 70 2
1 187 191 1
1 44 47 1
13 58 76 15
4 49 55 2
1 71 76 1
4 123 138 5
5 216 223 4
1 56 69 1
10 68 82 10
4 185 192 4
1 15 26 1
1 243 262 1
6 175 193 4
6 65 75 5
1 37 49 1
3 68 86 1
14 100 119 17
5 117 128 2
10 68 89 8
5 56 77 3
2 238 259 2
1 240 252 1
15 43 59 21
1 156 169 1
2 177 182 2
5 82 95 5
7 196 207 12
3 239 262 1
2 183 192 3
4 58 66 6
4 181 193 1
2 63 67 1
4 37 51 3
7 59 79 6
1 249 251 1
1 63 77 1
3 44 61 1
4 62 68 5
7 135 148 2
3 131 146 1
1 55 60 1
2 40 47 3
12 47 60 14
1 200 207 2
7 159 170 10
1 68 73 1
4 73 79 6
2 133 141 3
2 80 86 2
10 263 276 13
1 143 152 2
2 72 82 1
14 235 256 15
8 97 112 8
2 158 161 6
6 45 58 8
8 234 245 9
6 15 22 8
4 62 74 3
18 227 245 25
13 60 86 16
9 158 172 10
10 111 125 13
1 41 43 1
2 12 30 1
7 70 78 9
8 56 81 10
4 241 252 1
3 61 67 4
9 192 213 6
11 65 80 14
6 204 228 6
2 41 51 1
4 57 67 1
9 173 182 14
2 54 63 1
3 32 35 6
3 43 49 7
1 61 65 3
9 28 44 9
4 70 74 10
3 46 57 1
7 35 52 4
1 67 76 1
5 38 55 4
11 35 51 12
2 167 171 1
1 54 57 1
1 230 244 2
9 45 56 10
2 150 170 3
2 149 154 1
1 59 65 1
11 55 70 14
3 180 193 3
12 61 80 15
1 176 187 3
3 41 50 3
3 252 260 1
3 186 195 1
1 92 103 2
5 136 150 1
2 33 38 1
16 37 59 21
15 129 154 16
6 223 234 6
1 43 62 3
2 86 95 1
1 257 269 1
1 44 50 1
2 35 45 1
4 9 23 2
4 132 154 1
2 109 122 1
1 33 34 2
3 52 63 3
3 258 274 4
6 63 76 4
4 27 35 1
12 132 153 15
3 50 60 4
1 78 84 2
14 182 197 19
7 177 185 8
1 54 64 1
1 53 56 2
8 228 238 9
3 74 98 1
5 179 184 8
4 66 82 1
2 63 69 2
1 39 46 1
2 56 70 6
6 274 285 1
4 40 54 3
1 52 53 1
2 12 15 2
1 33 46 1
1 259 275 1
3 161 173 1
7 132 146 7
8 78 100 6
6 43 57 8
7 83 97 2
2 184 192 1
6 129 140 8
3 60 68 3
3 192 198 4
11 34 48 14
2 62 66 2
2 32 47 1
5 161 171 4
15 111 143 15
1 51 58 4
7 188 197 7
13 205 222 17
9 48 63 10
3 58 62 5
2 185 187 5
4 181 196 1
1 59 72 1
6 148 159 8
2 181 192 1
1 131 137 1
4 111 120 3
3 238 256 1
3 68 83 1
1 14 29 1
4 104 119 2
1 56 72 1
10 132 151 9
1 33 37 1
3 184 192 1
1 58 68 1
4 202 211 4
8 63 72 10
1 109 116 1
9 185 195 12
1 80 90 1
2 241 253 1
4 231 242 2
10 90 110 12
3 36 42 1
1 23 30 1
6 59 69 8
19 160 180 28
8 228 238 13
7 54 63 5
1 27 42 1
2 33 46 2
1 181 190 1
6 212 218 6
5 119 137 3
3 53 58 4
2 75 82 1
2 214 237 1
2 29 42 1
5 126 139 6
1 133 145 1
2 188 195 1
1 66 76 1
9 185 204 9
7 52 71 5
1 66 80 1
4 81 94 2
6 42 49 4
10 211 227 9
9 39 52 12
3 71 89 4
5 68 77 7
12 174 187 16
3 225 229 2
10 89 104 11
1 173 180 1
7 60 76 3
12 64 77 18
21 75 108 24
3 58 72 4
10 3 23 8
6 181 188 10
7 238 245 10
4 54 80 2
2 61 69 1
4 45 53 1
2 64 69 3
3 41 51 2
4 68 73 2
2 35 40 2
8 41 57 8
12 84 97 20
7 68 80 10
7 75 82 7
3 200 215 2
4 71 88 3
7 34 48 4
1 156 166 4
1 30 31 1
7 52 69 6
1 73 77 1
3 141 153 1
12 110 132 8
7 135 149 6
7 180 192 6
5 79 84 5
4 234 242 2
5 48 61 4
10 35 50 9
13 187 207 15
20 40 77 18
1 229 235 1
2 22 32 1
5 148 175 4
5 140 153 4
2 224 237 1
1 40 44 1
6 243 252 6
3 36 45 3
12 114 130 15
1 65 80 1
24 186 218 27
1 0 8 3
1 59 62 1
7 57 65 10
5 65 78 4
10 57 70 9
7 161 174 7
8 219 233 10
2 55 59 1
5 204 224 4
2 122 127 1
1 55 64 2
5 30 45 6
7 162 169 11
3 151 156 4
1 50 59 1
1 61 67 1
17 58 85 17
1 37 42 1
1 172 177 1
6 181 191 5
3 205 210 2
1 65 75 1
4 174 179 2
7 243 250 9
2 52 60 1
1 33 50 3
1 189 191 2
1 182 191 1
2 155 162 2
2 190 202 1
9 62 85 6
7 38 54 7
3 149 155 1
5 57 63 7
16 62 80 22
6 224 245 5
7 69 78 6
1 204 215 1
6 10 19 7
