400
1 157 165 1
5 216 224 9
12 205 218 18
5 216 222 9
8 37 62 7
1 155 163 1
1 67 85 1
5 28 41 2
3 46 61 2
1 131 142 1
1 251 256 1
11 227 252 10
3 214 223 1
1 143 149 2
1 207 213 1
13 187 208 13
9 133 142 14
3 118 136 1
11 110 124 15
3 223 234 3
1 216 223 1
7 50 58 12
1 42 51 1
10 125 146 11
6 154 168 4
2 216 227 3
1 194 198 5
2 158 163 2
8 31 45 7
2 89 100 1
10 213 228 9
7 98 124 5
1 120 127 1
12 149 165 13
2 34 47 4
13 224 254 9
3 198 202 7
1 185 187 1
5 43 58 5
6 82 89 6
23 224 256 25
6 162 179 4
7 94 104 8
3 91 99 6
3 136 145 5
6 101 124 5
3 213 230 1
3 29 44 1
1 51 56 1
1 209 212 1
6 78 91 5
1 149 151 1
2 214 223 4
1 244 248 1
7 36 55 5
15 138 160 20
3 108 114 3
9 48 69 5
6 98 108 7
1 250 262 1
20 155 178 26
6 136 146 7
15 162 180 21
1 90 92 1
15 214 232 21
9 58 73 6
1 216 226 1
5 116 128 4
2 145 149 1
1 225 227 1
4 121 129 6
1 31 38 1
3 90 95 3
4 2 9 5
4 165 180 1
7 156 178 3
2 204 208 2
1 246 247 1
2 162 170 2
2 189 191 3
4 40 58 2
1 109 112 1
4 219 232 1
14 105 125 17
9 146 170 12
8 96 112 12
3 200 205 4
7 242 253 7
1 129 149 4
11 157 193 10
6 31 44 5
9 140 152 9
4 197 206 4
5 17 22 5
5 60 80 3
1 122 126 1
4 248 258 1
5 247 259 3
11 74 91 13
9 35 50 8
5 189 198 7
7 239 248 9
3 248 260 3
1 214 218 1
8 151 163 7
8 190 202 10
3 6 12 3
3 192 201 1
1 160 162 1
15 37 56 21
2 156 172 6
6 116 122 7
1 217 224 1
12 213 241 10
4 32 38 2
4 181 187 4
1 87 94 1
7 213 227 3
1 70 71 1
3 101 108 1
1 248 251 3
1 36 40 1
15 143 162 20
4 160 173 4
9 163 172 10
6 245 255 5
8 218 252 6
1 61 67 3
5 108 116 2
4 29 39 6
4 220 228 2
6 218 236 7
3 251 268 4
3 203 228 2
2 245 254 3
1 146 155 1
1 86 99 2
1 216 224 2
7 66 80 7
2 235 246 2
2 32 53 1
9 42 56 10
19 51 79 25
1 30 47 1
2 201 209 1
4 60 72 3
9 137 151 8
1 194 196 1
10 85 107 5
1 209 214 1
1 12 23 1
4 148 154 3
3 41 62 2
4 101 112 2
3 179 194 3
8 87 106 8
6 161 173 8
16 216 241 19
4 151 161 2
8 148 169 8
6 186 205 5
3 156 168 2
4 112 120 3
5 150 159 3
17 97 118 19
4 208 245 1
4 135 146 7
3 19 35 1
1 212 213 3
3 162 168 1
8 10 20 13
1 196 197 1
13 208 221 20
7 28 44 9
8 209 228 11
1 216 238 1
6 133 139 8
1 152 160 1
3 47 51 4
7 27 34 10
4 213 232 1
5 194 205 1
6 209 219 4
5 100 118 1
1 156 162 2
1 87 94 1
3 196 203 2
14 149 166 18
1 240 245 1
2 41 45 1
11 35 52 11
1 88 106 1
2 162 170 1
4 106 120 1
2 147 155 4
10 29 39 16
7 109 127 8
2 246 258 2
4 72 81 6
10 97 111 9
10 154 177 5
1 160 172 1
3 68 72 1
3 27 31 4
11 113 130 8
1 125 133 1
5 147 168 3
8 222 245 5
6 155 173 4
8 173 183 11
5 249 262 5
2 158 166 1
12 118 142 13
4 242 254 3
9 72 86 9
9 259 273 11
2 32 40 4
3 206 222 1
2 92 99 5
3 212 220 1
4 149 170 3
11 78 102 13
1 203 214 2
12 59 73 16
7 243 259 9
1 162 176 1
8 172 191 7
2 144 157 1
1 99 104 1
12 161 178 14
1 154 158 1
5 192 206 4
2 216 219 3
4 213 218 3
7 96 114 4
7 23 34 6
5 140 149 5
6 11 23 6
14 111 129 18
13 63 86 16
5 48 58 1
1 176 182 1
5 212 228 9
8 107 127 6
3 156 164 1
4 39 44 6
6 61 72 6
6 216 223 8
4 224 232 3
7 147 161 3
3 224 228 5
3 128 136 1
6 147 158 2
5 81 88 7
28 210 255 33
6 33 44 5
1 21 28 1
1 44 57 1
3 22 39 3
1 249 253 1
5 198 213 1
6 222 235 6
2 252 262 1
1 244 249 2
3 217 222 7
4 219 229 1
2 206 213 1
1 42 48 1
3 243 256 1
5 37 46 5
10 241 254 15
10 131 143 14
6 91 107 4
4 220 230 4
19 172 210 19
10 170 187 13
7 112 129 10
4 105 114 6
5 152 159 7
14 23 47 15
3 186 202 1
6 147 162 10
1 36 43 2
6 253 262 6
2 31 52 2
11 26 42 12
5 150 160 6
12 56 69 17
11 225 237 14
4 155 170 3
4 95 106 8
2 229 244 1
8 253 262 10
5 260 281 5
2 176 187 4
7 203 212 5
1 34 35 1
9 59 73 11
1 13 14 2
6 63 97 1
2 144 153 1
6 154 171 3
1 180 184 1
4 108 125 2
5 62 73 6
7 215 235 3
3 120 127 3
1 212 215 1
4 100 105 2
1 246 251 1
2 27 40 1
4 209 215 8
7 138 158 8
2 55 62 1
10 86 99 11
2 140 147 1
5 160 170 6
8 50 63 3
1 145 149 1
3 164 184 1
5 212 222 8
1 126 136 1
1 244 251 1
3 250 274 1
1 164 171 1
4 212 218 3
7 44 55 8
7 32 39 14
5 51 58 6
1 13 18 3
1 155 158 1
3 4 10 4
14 210 227 17
3 28 48 7
1 113 116 1
3 230 239 1
13 257 286 10
12 99 122 12
34 153 193 45
7 33 46 9
7 6 21 9
7 231 261 5
10 45 67 11
1 215 216 2
4 154 173 1
4 50 61 3
1 157 162 1
2 154 167 1
2 136 140 1
6 194 206 2
9 57 86 4
9 84 95 12
6 227 239 8
19 132 175 21
8 211 221 13
6 82 99 3
6 94 102 6
1 211 217 1
1 37 41 1
3 31 39 2
1 44 48 1
1 28 33 1
1 243 250 2
4 237 245 2
6 31 45 8
9 18 36 10
15 60 87 16
7 26 37 11
2 150 156 1
1 196 202 1
11 24 44 13
4 58 75 3
2 107 120 1
2 131 147 1
4 219 227 3
4 215 224 2
7 212 224 4
7 248 258 7
15 23 44 18
10 93 111 14
3 31 36 2
21 104 141 21
3 93 97 1
1 18 26 1
5 166 183 4
3 157 168 2
4 96 102 5
12 180 194 16
2 23 26 1
22 139 166 31
12 24 45 13
4 35 46 1
7 151 159 10
2 142 163 1
9 113 123 16
6 153 172 2
5 37 53 2
3 151 158 1
3 253 258 1
6 95 107 6
