200
4 25 39 2
7 76 98 6
9 23 36 11
2 74 87 1
4 50 57 5
1 61 62 1
1 128 132 1
3 28 38 2
1 20 36 1
3 74 84 1
8 117 130 9
2 44 49 1
2 3 16 2
2 27 44 1
5 3 16 3
5 21 27 11
6 44 59 4
3 56 68 1
3 49 67 1
12 84 98 16
3 71 99 2
1 9 26 2
1 27 31 1
5 69 78 4
1 13 24 1
6 81 91 6
2 136 154 3
6 147 158 9
6 16 30 4
11 73 84 13
6 25 34 8
7 21 32 9
7 62 73 8
14 126 146 16
1 148 156 1
3 42 52 1
1 129 135 1
5 119 125 5
9 83 92 13
3 25 29 3
1 46 48 3
27 38 78 33
11 75 103 8
7 32 44 5
2 23 28 2
6 45 52 8
3 119 126 1
3 65 89 1
7 59 69 7
1 37 56 1
2 37 39 2
10 51 64 12
3 39 44 7
6 66 72 9
13 44 60 16
4 84 90 4
3 42 60 3
1 55 67 1
2 46 56 2
5 44 49 8
1 27 36 1
2 54 61 1
1 112 116 1
5 34 40 5
4 69 87 3
1 35 47 5
4 67 82 1
8 29 48 5
1 105 112 1
3 67 79 1
1 31 45 1
1 16 18 1
1 40 45 1
2 39 44 4
1 102 106 6
2 77 83 2
17 44 64 23
6 26 42 1
1 38 45 1
2 24 32 3
1 64 66 2
1 38 41 3
6 41 61 1
5 48 69 3
7 123 140 8
1 51 65 1
6 68 93 3
1 59 70 1
4 89 101 1
4 48 67 2
1 27 30 1
6 132 139 10
7 117 127 8
9 75 88 9
11 25 41 12
1 94 98 1
3 145 151 1
5 59 68 7
5 51 61 3
2 58 71 1
6 25 42 3
3 88 94 8
6 11 21 3
1 50 58 3
5 152 164 3
3 104 110 1
14 112 129 18
6 42 60 2
1 22 34 1
11 75 93 13
1 77 90 1
1 136 146 1
5 153 161 5
7 56 70 6
4 117 125 1
3 78 86 3
1 130 141 3
5 64 72 3
3 18 23 2
12 136 152 17
3 63 72 1
5 26 41 4
3 44 52 4
12 45 62 13
5 38 47 2
5 37 42 6
9 11 21 11
4 25 29 5
1 59 65 1
1 7 9 4
6 128 142 4
6 34 47 7
3 72 93 1
4 123 132 1
1 13 23 2
6 44 57 6
4 117 134 1
10 144 154 14
2 71 77 1
13 134 150 19
18 35 74 15
1 103 118 1
3 143 151 1
12 76 88 16
5 63 86 3
9 34 46 9
1 134 151 3
1 60 65 1
4 101 113 2
8 46 73 8
8 73 89 2
12 75 89 15
6 33 52 4
3 42 55 1
4 95 102 5
6 90 99 7
9 128 148 6
2 19 22 2
7 23 34 9
15 95 113 17
5 75 80 7
4 74 88 4
1 42 52 1
4 150 154 7
8 115 128 12
1 45 48 1
4 80 88 1
12 76 94 12
10 132 146 11
15 24 62 12
5 40 56 2
1 19 25 1
11 53 84 8
2 79 82 1
5 118 124 7
6 56 63 8
3 127 132 7
4 28 36 2
9 33 44 10
4 80 95 5
1 19 20 2
5 138 148 5
2 28 36 3
6 53 65 10
4 23 28 2
5 124 132 4
6 97 119 2
1 45 51 1
7 115 125 8
1 84 88 1
10 118 132 12
4 83 101 7
5 33 42 5
5 138 148 2
4 78 83 4
1 131 138 1
11 53 82 11
6 19 26 6
5 46 62 4
1 27 39 1
