150
1 76 87 1
4 89 94 6
1 46 64 2
2 89 96 1
3 95 100 1
2 34 50 1
22 44 76 18
13 100 118 15
5 80 92 7
6 1 10 6
3 41 46 1
11 83 102 12
5 81 87 8
5 37 46 4
6 73 86 5
2 61 68 1
1 79 85 3
18 0 25 20
5 47 58 5
6 89 99 6
1 92 102 2
3 87 93 5
19 39 65 22
6 75 85 6
39 76 127 51
6 37 51 8
3 88 102 4
7 69 81 3
4 86 94 4
4 78 90 4
11 72 107 9
6 83 92 6
6 82 88 8
17 83 112 16
3 86 111 1
16 42 73 15
6 91 112 2
2 75 92 1
1 69 79 1
10 87 114 6
14 57 74 17
4 32 42 3
3 36 46 4
1 62 72 1
1 33 45 2
14 55 73 21
1 78 84 1
11 73 90 10
3 78 94 4
2 84 106 1
4 61 73 4
13 66 87 12
5 89 100 5
1 87 100 1
1 25 41 1
11 36 63 11
13 94 111 16
4 76 91 4
3 71 89 6
3 60 73 1
3 84 88 1
10 70 85 15
1 95 100 2
6 79 89 8
1 88 92 1
7 58 68 11
1 89 95 1
12 73 89 13
1 46 61 4
1 36 40 1
7 84 101 5
3 85 92 2
3 12 21 4
7 57 66 6
2 59 62 4
4 16 27 2
5 94 109 7
2 88 95 1
3 60 70 1
6 81 92 4
1 27 32 1
1 45 52 1
3 93 109 3
4 79 84 7
8 88 103 7
3 72 77 7
6 84 94 6
7 85 101 4
5 65 86 4
6 43 70 4
8 86 96 9
2 39 45 4
5 61 81 1
3 89 98 5
1 76 100 1
2 55 71 1
4 87 95 3
1 72 109 1
1 62 65 1
3 39 48 1
7 56 72 7
2 56 58 1
3 70 82 3
3 58 64 3
2 104 111 1
4 42 51 6
8 79 102 4
2 89 95 2
6 64 75 5
5 67 74 6
4 72 85 5
2 79 99 1
3 100 108 2
3 91 101 4
4 42 50 5
8 72 117 7
2 75 81 2
3 75 84 6
1 85 100 2
3 93 102 2
13 61 78 19
14 74 98 14
12 80 96 17
2 66 75 1
2 87 98 4
1 93 95 1
1 69 71 1
1 65 67 3
10 80 97 9
14 78 97 21
4 77 86 2
1 79 95 1
6 82 98 3
4 96 104 6
4 71 87 2
3 71 85 1
6 44 56 5
11 75 102 7
7 88 99 8
11 92 108 9
5 15 35 4
1 17 18 1
18 57 84 19
5 0 12 6
2 93 107 6
5 84 100 6
3 81 97 2
6 8 14 9
10 85 101 11
14 83 99 20
