250
2 159 167 6
4 33 42 1
2 135 140 1
8 8 16 14
6 13 22 7
2 176 193 5
1 96 102 1
4 61 76 1
7 12 20 7
11 70 101 8
6 1 15 6
6 173 185 6
15 80 99 19
7 43 55 4
3 43 54 1
6 85 96 4
2 38 40 3
2 41 54 1
2 42 47 2
7 82 96 7
4 43 54 3
8 168 190 7
8 91 104 8
6 79 91 6
4 65 79 2
9 91 106 6
1 6 9 1
3 43 48 5
2 30 33 3
1 159 180 1
9 9 36 7
1 57 73 1
1 143 151 1
9 152 174 11
8 179 193 6
4 66 72 4
8 56 72 8
1 151 160 1
2 44 63 1
5 141 153 5
1 40 54 1
4 168 178 6
16 156 175 20
4 43 52 4
1 175 179 2
9 19 31 12
6 41 57 6
11 176 188 17
2 20 29 3
3 51 61 1
7 42 63 8
1 29 42 1
2 132 136 5
3 58 73 5
3 53 69 1
8 108 130 10
1 97 102 1
4 40 59 1
10 49 63 13
2 43 59 2
6 66 74 6
1 162 165 5
4 94 102 1
1 54 63 1
12 91 103 16
8 133 150 9
4 89 98 7
8 24 51 7
5 167 176 5
4 20 25 5
1 37 52 1
3 41 48 6
1 17 26 3
12 148 169 11
10 55 77 11
7 39 60 5
12 127 139 14
1 49 55 1
1 184 191 1
19 44 71 25
1 139 150 1
7 126 134 9
8 100 112 10
3 45 59 1
2 144 150 1
3 11 32 1
4 119 139 1
3 163 170 3
4 45 50 6
1 39 42 1
9 47 65 8
23 44 80 27
6 62 70 7
1 47 67 1
7 1 13 7
4 40 62 2
9 120 133 7
3 41 55 5
8 44 57 9
2 131 139 5
2 35 40 1
4 50 62 2
4 75 81 1
11 100 118 14
1 64 67 3
4 33 46 3
2 40 49 1
10 59 74 15
2 104 115 4
1 16 33 3
1 119 122 1
7 144 153 7
4 35 40 5
1 49 54 1
10 186 203 12
9 172 182 13
1 48 52 4
3 144 162 3
16 47 69 19
10 154 181 7
7 76 87 7
12 48 64 18
6 42 49 7
5 13 24 4
1 90 92 1
7 12 29 4
3 20 28 1
7 146 157 9
7 166 175 8
16 38 56 25
6 150 158 7
4 155 164 1
7 20 32 10
1 81 85 6
6 14 22 8
1 111 117 1
7 45 55 8
5 46 56 4
5 10 16 7
3 167 171 2
5 19 29 7
10 179 194 12
5 39 48 6
7 40 70 3
1 105 113 1
10 175 186 16
1 84 88 1
3 7 14 2
1 64 65 1
4 6 10 8
4 40 50 5
20 103 131 22
3 39 43 4
4 71 85 1
1 44 45 1
10 45 58 11
3 5 8 2
3 44 75 2
3 43 56 1
1 81 86 1
2 25 36 2
1 148 153 1
2 47 63 1
6 41 54 5
1 105 108 1
9 92 102 11
1 40 41 4
15 83 100 17
3 83 93 3
7 39 64 4
8 50 64 6
7 7 17 3
5 87 100 5
9 53 71 7
1 39 48 1
1 42 54 1
10 50 73 8
1 38 40 2
21 99 120 31
6 43 78 5
4 13 27 3
1 46 47 2
5 17 28 4
1 97 104 1
4 45 52 4
10 27 41 11
5 73 84 4
21 7 29 28
1 104 119 1
1 16 24 1
2 102 106 4
1 53 75 1
8 154 169 10
2 75 84 3
5 47 63 1
4 25 40 4
1 143 149 5
2 148 159 6
12 145 163 15
9 38 47 12
1 42 44 1
13 64 77 21
1 33 34 2
6 47 57 4
5 108 123 3
5 44 60 5
1 36 42 1
9 145 170 7
4 152 159 6
7 112 138 2
10 43 56 12
2 37 44 1
8 103 118 2
4 45 51 1
4 173 179 6
1 47 65 1
2 51 60 2
1 149 151 1
4 36 43 7
1 86 88 1
3 115 131 1
4 129 136 7
12 70 84 19
6 61 68 8
10 67 87 10
2 93 96 1
5 35 43 7
1 184 188 1
7 19 33 9
5 93 98 8
2 48 54 4
5 49 60 4
4 9 15 3
7 45 54 6
1 29 35 1
19 121 145 27
1 147 150 1
9 14 30 8
4 44 56 2
4 168 185 5
10 158 171 12
4 143 152 5
5 181 195 1
11 17 36 14
24 147 172 32
1 91 104 1
6 135 144 6
8 140 152 5
6 143 158 6
1 46 53 1
