50
4 25 47 3
2 24 34 1
1 16 22 1
11 3 23 11
18 19 45 22
3 8 16 2
3 10 16 3
6 17 39 2
1 6 16 1
6 16 30 4
7 21 35 8
16 23 44 18
2 12 18 2
3 11 17 4
1 6 8 1
29 18 52 37
7 19 41 4
8 15 28 7
6 3 21 6
6 14 23 6
3 0 6 2
5 10 20 3
7 12 36 3
1 43 50 2
8 13 33 8
11 7 34 9
5 26 31 7
17 19 41 18
4 21 29 1
6 7 18 6
6 25 35 4
3 20 25 3
4 14 20 3
2 12 35 4
2 26 33 1
1 17 21 4
1 19 29 1
3 21 31 4
8 12 26 8
3 14 24 1
17 10 39 17
14 23 42 17
2 22 24 1
2 9 21 1
13 19 40 15
11 22 38 12
3 17 20 7
7 16 31 8
3 23 26 8
14 12 38 15
