100
8 21 35 12
9 62 73 12
10 50 66 11
3 36 47 1
4 54 68 4
6 53 64 3
7 14 25 7
2 7 14 4
4 22 39 3
8 54 70 7
11 7 19 16
1 54 58 3
3 14 25 5
11 26 48 11
8 42 53 8
1 14 19 1
4 35 41 4
3 33 38 2
6 46 54 4
12 20 39 13
5 13 22 4
2 35 40 1
3 43 64 1
14 45 62 15
2 43 52 1
9 11 30 5
1 25 41 1
7 36 46 9
14 15 32 21
6 29 40 4
1 52 55 1
2 43 57 1
27 59 86 41
9 36 54 9
3 54 61 3
1 57 70 1
9 5 30 7
1 34 36 1
1 49 58 1
3 4 21 1
3 19 26 1
1 47 52 3
4 53 62 2
2 46 60 1
5 51 64 2
7 55 72 6
3 26 33 1
3 40 57 1
3 39 45 1
4 50 62 4
1 56 66 1
1 58 65 2
7 33 48 4
1 31 44 2
3 17 23 4
6 61 68 13
5 16 22 2
16 38 59 16
6 1 25 7
3 4 11 1
1 57 63 2
3 50 57 3
2 37 48 1
7 57 67 6
3 36 41 2
1 10 16 4
1 53 59 1
2 50 63 2
5 52 64 2
1 42 47 2
1 24 26 1
2 50 56 1
1 39 52 1
1 32 51 1
1 46 50 4
8 35 46 7
2 7 9 5
2 11 23 3
3 9 25 1
1 8 10 1
6 41 56 3
1 50 57 2
1 55 58 1
1 47 52 1
2 12 17 3
5 14 29 1
1 41 50 2
11 50 64 12
6 64 77 4
4 38 47 1
13 48 73 17
4 20 28 1
6 35 45 9
9 41 59 8
7 22 34 5
3 55 70 2
8 58 77 7
2 56 70 2
4 57 75 3
18 9 36 26
