500
14 36 52 18
4 208 221 1
11 127 145 13
1 91 100 1
7 90 99 9
3 0 4 7
3 1 18 1
6 249 266 6
6 126 132 6
6 69 77 5
5 253 283 4
13 303 320 18
1 47 49 3
2 17 21 1
15 258 274 23
10 246 258 12
7 81 89 12
5 98 117 5
26 23 50 36
9 166 181 9
1 31 34 3
1 310 315 1
4 265 273 5
3 128 131 1
4 47 54 3
6 100 110 5
1 152 162 1
2 108 114 1
3 180 215 5
5 145 153 6
7 158 177 9
6 69 82 7
2 126 138 1
1 102 114 1
9 145 165 10
3 134 138 2
5 131 139 4
1 45 58 1
10 250 262 12
2 67 69 2
2 1 23 1
1 257 268 1
5 14 25 7
10 75 90 13
6 244 253 6
3 81 91 1
15 151 173 16
5 271 279 5
5 89 100 5
1 47 65 1
1 136 150 3
11 82 112 9
4 55 61 2
1 264 269 1
1 8 12 1
6 251 264 10
5 78 96 4
1 33 38 1
6 77 86 6
2 102 107 1
8 59 81 7
3 84 100 1
1 271 283 1
12 41 62 15
3 71 76 3
1 80 84 1
1 67 79 1
3 284 290 5
8 201 217 10
6 75 95 5
3 33 43 5
4 93 99 8
1 149 158 1
1 287 296 1
1 83 98 2
1 0 1 3
8 123 136 11
3 79 85 4
6 148 156 7
6 81 89 4
1 104 108 1
3 79 98 1
8 46 56 7
9 0 10 10
10 187 213 8
20 96 121 26
12 40 60 13
12 221 247 9
6 15 28 4
8 47 77 3
2 128 141 1
12 22 49 7
9 70 91 5
1 46 50 3
7 144 161 7
12 111 133 9
1 79 86 2
6 72 96 5
1 243 244 1
4 151 165 1
3 200 207 3
14 177 198 18
1 281 296 2
1 249 260 2
7 87 95 11
6 68 86 9
5 255 267 3
11 57 79 8
1 193 195 3
4 135 143 2
1 151 159 2
12 65 95 8
2 303 316 1
3 245 252 1
1 252 254 1
1 302 315 1
4 236 244 6
2 141 152 1
1 20 31 1
9 245 257 13
14 89 106 18
2 2 15 1
8 171 190 8
13 271 285 18
3 86 112 3
4 62 74 8
12 95 116 10
1 112 119 1
4 102 106 6
5 71 84 1
4 153 169 1
7 270 289 3
1 78 79 3
1 132 140 1
4 85 98 4
5 218 237 5
21 270 303 23
3 72 81 3
1 278 283 1
4 147 156 5
2 298 304 3
1 73 75 1
8 122 131 15
1 47 54 1
1 280 288 2
1 247 250 1
2 205 213 2
8 85 103 4
3 122 126 3
3 253 266 6
4 278 288 1
3 105 108 6
9 12 21 13
8 218 228 11
2 248 261 1
4 60 64 4
8 247 263 6
4 203 216 4
4 252 259 5
2 118 120 2
2 176 183 3
2 154 162 1
1 5 8 2
7 54 69 4
5 92 103 5
7 79 90 7
5 247 255 6
6 44 59 9
5 251 266 2
4 258 271 3
12 189 203 18
4 185 191 4
2 44 48 1
5 168 174 9
5 248 262 5
9 29 42 11
2 71 74 3
3 71 79 3
12 188 201 17
17 76 109 18
1 57 63 1
1 30 35 1
1 283 288 1
1 51 65 1
3 87 91 4
3 11 18 4
4 62 72 3
6 44 59 8
3 204 214 4
5 129 137 2
16 300 316 25
5 173 195 5
9 56 66 16
4 89 103 2
2 281 293 1
7 118 128 10
7 281 299 5
7 52 67 8
3 273 286 5
6 248 269 4
8 78 94 7
8 250 263 8
4 106 116 3
2 50 55 2
3 252 268 3
5 245 260 4
1 51 59 1
5 173 180 7
1 271 280 1
15 271 288 18
16 281 302 22
1 91 92 1
2 151 161 1
1 71 83 1
1 98 110 3
3 310 315 3
8 271 296 5
2 255 268 1
3 138 149 1
9 80 89 13
9 49 61 10
3 244 249 3
10 111 124 9
1 250 285 2
1 65 78 5
1 73 80 1
11 303 328 9
6 77 98 5
1 79 80 3
8 83 95 2
1 50 60 1
9 257 282 8
3 260 270 2
5 63 71 3
1 213 216 1
3 97 111 1
6 47 65 8
2 53 67 1
1 283 311 1
4 68 80 2
10 269 282 12
9 144 156 8
1 296 311 1
4 250 262 4
6 117 127 6
2 42 48 4
5 77 89 5
6 39 61 3
12 292 312 13
8 77 88 9
2 59 67 1
5 40 50 2
1 125 133 1
4 40 45 5
7 9 20 6
2 123 127 6
3 82 88 1
5 244 256 3
6 45 53 8
6 114 127 3
5 90 107 3
2 6 10 2
10 219 231 13
2 116 127 2
1 79 91 2
8 29 39 8
9 100 116 11
10 154 166 13
2 297 315 1
3 56 72 5
4 71 86 5
7 76 87 7
5 100 116 1
3 78 86 5
4 78 92 4
1 81 88 1
10 75 97 9
14 82 97 18
1 28 41 4
3 70 75 6
4 253 264 2
3 39 44 5
5 103 115 5
10 158 169 9
7 149 156 7
1 78 85 1
2 212 215 1
2 71 79 1
7 249 259 6
7 82 111 5
1 245 255 2
2 254 259 3
2 59 62 1
2 41 47 4
3 39 53 1
7 248 264 4
1 115 143 1
8 126 134 15
12 254 276 14
5 77 87 4
1 44 48 2
3 22 28 4
5 100 109 3
4 135 150 1
1 110 114 1
3 77 89 3
3 53 59 1
1 71 77 3
1 93 107 1
6 109 119 10
1 147 156 1
6 219 231 5
8 75 89 11
1 28 33 2
14 138 155 19
1 73 84 1
9 19 35 13
1 63 70 2
1 62 70 1
18 30 49 24
4 279 299 3
7 93 111 5
1 243 248 1
1 287 292 1
1 12 17 1
9 257 267 15
18 79 99 22
7 49 61 8
1 157 161 1
10 117 127 13
1 272 293 4
8 112 124 7
7 107 125 6
4 68 77 7
3 81 92 1
1 80 88 1
9 150 164 8
3 152 159 4
8 103 111 10
13 219 233 19
1 94 101 3
11 177 188 13
4 59 72 3
1 246 256 1
2 85 87 1
1 105 108 1
8 78 89 9
6 15 32 4
17 257 280 22
6 28 38 7
4 61 73 5
13 278 299 13
12 89 111 16
1 98 102 3
2 283 289 1
5 40 50 6
4 97 114 2
1 77 85 1
1 93 106 5
5 77 83 4
1 145 150 4
1 3 9 2
4 219 242 1
11 117 136 14
10 250 268 14
8 76 91 9
5 48 66 3
1 249 251 5
3 24 35 1
2 94 96 1
3 80 96 3
16 239 256 22
11 110 126 12
2 75 77 1
3 77 85 3
11 277 300 10
3 76 92 5
4 137 144 7
4 81 96 1
2 79 88 1
1 255 261 3
3 160 169 6
1 48 78 2
1 41 45 2
4 66 78 3
2 60 63 5
3 68 72 5
2 116 125 5
7 255 267 8
5 90 117 5
1 3 11 1
10 153 171 11
7 217 229 10
2 244 259 1
7 255 274 3
3 11 16 4
1 107 114 1
1 237 239 1
6 76 91 4
8 67 87 7
10 277 290 15
4 37 46 7
3 82 89 3
2 87 97 1
8 128 140 10
1 121 130 1
1 248 264 1
2 37 39 1
1 263 265 2
6 1 11 4
2 216 219 2
11 82 93 15
2 97 102 4
14 1 26 12
6 252 267 7
3 45 60 1
7 277 296 3
3 254 270 1
6 79 100 6
1 177 186 1
3 74 85 4
6 279 303 3
8 186 205 7
2 280 293 6
5 69 80 6
1 16 20 1
5 254 272 5
10 58 69 16
1 70 76 1
2 247 257 1
4 90 97 2
2 75 82 2
13 98 117 15
9 146 161 8
7 146 156 8
15 235 257 14
3 152 171 4
9 0 19 9
3 150 156 2
1 67 70 1
3 44 49 1
3 215 220 6
2 91 105 3
1 274 289 2
4 164 176 5
2 50 59 1
4 71 77 7
1 144 155 1
2 138 144 1
8 273 282 9
5 117 130 3
11 216 234 10
6 177 192 3
2 13 24 1
3 75 91 3
9 193 207 11
7 154 164 10
2 45 51 1
8 44 60 9
10 133 156 10
6 40 55 7
4 285 293 4
6 250 264 5
1 1 2 3
8 78 96 4
6 118 130 7
11 104 121 13
2 38 41 1
4 118 126 7
3 49 53 5
12 41 61 10
5 99 107 5
1 153 159 1
5 69 81 5
4 48 55 6
5 78 89 4
3 97 106 3
8 156 185 6
9 198 214 7
4 215 222 2
5 272 293 4
9 112 123 14
4 39 52 6
12 119 137 16
6 144 154 5
2 158 161 2
3 48 56 3
3 258 272 1
7 157 166 9
7 76 95 5
5 43 51 7
4 74 79 7
6 166 176 6
10 309 339 8
1 13 23 1
6 120 132 6
8 84 98 6
5 97 111 7
3 24 50 2
1 14 32 2
