350
8 287 298 7
3 243 247 1
8 149 172 5
6 219 242 1
2 210 214 2
5 248 262 1
11 206 233 11
4 247 254 7
24 70 110 28
3 38 41 6
7 55 69 6
3 296 314 1
6 15 28 1
1 58 85 1
3 106 113 3
10 278 292 7
6 19 30 8
2 18 23 1
5 167 174 7
3 294 305 2
4 139 145 2
6 197 204 4
1 57 61 1
3 45 50 5
1 18 21 1
11 235 246 15
13 103 126 14
1 209 216 1
5 168 183 8
7 59 72 7
4 60 74 3
2 250 255 1
1 64 75 3
1 322 329 1
4 172 178 2
9 54 67 7
1 260 269 4
8 240 252 6
16 61 78 22
1 59 67 1
15 23 44 20
16 102 127 18
7 56 69 6
6 237 254 9
1 222 230 1
1 218 223 1
4 35 47 3
9 30 41 8
5 173 184 4
5 166 183 4
5 147 155 5
4 136 157 1
3 197 203 1
1 286 289 1
3 242 257 1
15 30 46 18
7 30 38 12
1 305 313 1
3 8 12 5
3 98 127 5
4 159 163 5
5 176 194 3
8 95 104 8
6 31 50 3
3 91 103 1
3 95 100 4
3 60 67 2
8 11 33 7
5 169 177 7
3 154 160 1
1 110 113 4
2 159 177 4
8 248 263 9
5 181 192 4
5 108 117 3
4 192 210 1
8 204 213 8
6 142 153 6
13 326 340 20
6 226 233 9
4 311 318 2
6 66 72 10
5 103 124 3
1 303 314 1
1 280 290 2
6 248 255 6
4 86 96 4
1 328 348 2
3 281 288 2
5 21 28 5
3 235 241 2
3 197 210 3
2 287 293 3
1 109 114 1
3 29 36 4
2 245 259 4
3 26 50 3
7 225 235 7
3 15 20 3
5 189 194 9
11 18 35 15
1 167 169 1
10 58 74 8
6 25 41 4
1 30 48 1
2 82 92 1
1 203 211 1
2 22 34 2
2 319 323 2
2 175 182 2
10 250 261 15
4 162 183 4
2 44 47 3
3 290 295 1
2 237 250 1
5 211 221 7
1 20 21 1
12 151 163 18
2 217 219 6
8 147 165 9
4 241 250 4
4 210 217 4
2 243 247 1
1 245 262 2
2 11 26 1
10 125 144 11
4 29 35 5
1 198 204 1
4 27 33 4
10 209 220 14
2 147 158 1
1 64 71 1
8 74 86 10
4 61 69 6
4 127 136 4
6 19 33 7
2 93 101 1
7 132 145 7
8 30 51 8
9 62 90 8
8 324 333 10
13 275 296 13
11 11 29 12
1 239 243 1
2 239 258 2
1 218 227 1
10 69 87 6
8 19 37 9
6 89 105 6
15 242 258 18
1 115 123 1
12 305 319 17
5 109 116 6
5 307 329 4
3 238 244 6
7 193 220 4
17 112 137 15
4 237 242 2
3 39 48 1
1 228 231 2
4 129 137 3
6 199 216 5
3 38 55 4
7 232 245 3
1 182 190 1
4 64 70 3
1 156 163 1
5 101 106 9
10 65 85 12
1 62 64 3
1 209 219 1
5 238 253 2
9 170 194 4
9 230 262 7
8 313 321 12
11 292 304 12
9 28 59 6
11 217 236 10
3 70 78 3
5 33 42 4
2 197 209 1
4 62 84 4
6 105 121 9
2 146 158 1
5 0 7 5
9 199 216 9
3 61 71 1
8 201 211 8
5 193 201 4
3 286 299 2
10 248 260 17
8 5 27 5
3 230 239 3
4 138 157 1
9 34 49 10
12 176 192 17
3 282 292 1
2 328 337 2
9 212 226 9
5 233 238 11
6 203 213 9
1 284 288 2
2 221 232 1
2 64 73 1
4 252 274 1
20 68 88 31
2 68 72 1
5 106 117 4
6 70 76 10
5 192 203 3
2 244 260 1
1 244 247 3
7 214 234 2
1 213 229 1
3 53 63 1
3 30 38 3
3 54 64 4
2 48 69 1
1 82 88 1
3 247 265 3
2 101 108 1
4 243 259 1
1 57 60 1
5 84 99 3
13 68 84 17
5 210 225 7
11 249 264 15
1 204 211 1
6 37 47 8
5 63 68 6
1 58 68 1
3 244 249 1
1 175 180 1
27 202 232 38
7 222 230 8
6 155 164 7
6 253 277 4
4 63 72 5
12 137 154 14
5 201 213 5
1 16 17 3
2 250 254 2
6 195 225 3
1 154 159 3
13 189 202 20
9 105 123 9
3 229 241 1
6 33 47 7
1 30 48 1
7 19 32 5
10 298 310 13
2 249 264 1
6 216 237 5
6 317 324 8
2 214 222 1
3 176 185 2
10 28 43 10
2 71 79 1
9 36 49 4
2 216 222 1
1 287 295 1
2 253 272 1
4 189 197 4
18 199 230 21
2 60 65 3
9 243 264 7
3 164 176 6
9 116 128 13
14 10 32 15
1 66 80 1
14 69 87 17
3 59 71 1
2 301 304 6
10 117 132 11
5 80 94 4
1 155 164 2
1 26 29 1
3 224 231 2
6 249 259 4
3 240 255 1
1 33 37 1
8 247 256 8
3 174 182 2
3 198 210 3
1 196 203 1
6 196 218 3
8 70 81 7
9 60 74 6
1 230 249 1
2 239 245 1
6 317 334 3
9 223 252 10
5 39 54 1
18 55 73 29
3 200 213 7
12 66 82 15
3 197 201 5
4 233 253 5
1 140 148 1
2 22 43 1
6 287 315 4
9 48 77 6
1 317 319 1
3 14 24 1
1 103 109 1
8 245 255 9
1 176 178 1
1 180 183 1
3 244 252 4
6 21 27 8
3 26 39 4
11 327 346 10
2 319 328 2
7 241 249 10
15 29 51 18
1 237 247 1
3 100 111 1
8 29 58 8
6 91 117 3
2 172 178 5
15 21 36 23
1 330 341 1
3 59 68 4
2 2 10 1
3 296 299 4
1 226 233 2
17 61 80 22
4 194 201 5
6 320 338 6
10 255 277 5
9 34 44 10
5 257 268 3
3 22 28 3
4 210 222 1
4 30 41 6
13 33 47 17
1 114 118 1
1 194 198 3
3 25 31 5
4 65 70 5
6 68 83 4
8 176 187 7
3 29 35 2
3 221 240 3
17 313 333 22
6 230 238 6
8 79 99 5
5 19 31 4
1 51 63 2
7 243 256 9
