300
5 95 106 1
1 144 153 3
5 107 120 5
3 46 65 1
7 9 21 7
2 53 55 1
1 120 132 1
2 92 99 1
4 75 88 2
12 41 66 15
15 28 45 17
2 167 169 3
3 107 124 3
2 135 142 2
2 42 55 1
1 43 47 1
6 77 100 4
2 38 52 3
1 52 57 3
6 176 184 4
4 115 121 5
4 98 105 1
8 89 101 11
4 55 70 1
6 113 129 6
1 117 119 1
2 170 176 1
15 38 65 14
21 82 111 24
4 31 53 1
1 105 114 1
8 108 123 7
6 184 194 5
5 71 79 8
11 41 53 16
3 180 185 3
15 127 150 16
2 106 114 1
8 160 168 15
7 94 109 5
4 167 178 1
1 95 99 1
1 111 117 4
2 159 169 1
1 159 172 1
4 23 29 1
1 143 186 2
2 24 31 1
5 83 92 6
7 16 33 3
9 56 67 9
1 162 188 1
13 19 34 18
7 86 96 7
10 0 14 12
7 19 40 5
9 131 145 6
2 70 73 1
4 47 60 4
2 82 98 1
2 75 79 2
1 43 55 1
1 84 90 1
1 108 125 1
10 66 80 8
1 87 99 2
9 83 95 14
2 121 129 5
1 22 25 1
12 112 144 10
1 49 50 3
2 115 124 1
10 174 185 15
11 181 203 11
2 115 131 2
9 116 133 11
2 26 42 1
4 95 106 5
5 80 88 5
11 38 66 9
5 87 96 2
15 106 123 24
8 100 113 7
5 85 94 1
2 146 153 4
1 84 96 1
4 192 198 3
1 136 153 1
2 39 54 1
4 113 127 3
1 27 40 1
1 118 130 2
3 86 89 5
2 91 103 1
3 147 158 1
2 107 117 1
6 167 186 4
2 48 59 1
5 69 75 9
3 91 105 3
1 87 91 1
6 66 84 4
6 23 34 11
5 45 55 2
6 80 93 7
3 42 48 3
1 140 142 3
6 170 180 6
1 114 116 1
6 16 27 6
1 38 46 1
4 136 152 1
13 80 102 13
2 47 51 1
2 14 19 1
3 120 124 5
14 69 97 11
7 134 143 11
7 49 59 5
1 140 147 1
5 89 102 6
2 99 112 1
18 114 146 18
1 44 49 1
6 45 59 4
15 5 29 15
21 62 84 31
1 120 123 1
12 5 18 17
12 113 134 10
15 166 187 21
4 75 81 4
1 112 115 1
8 40 52 10
5 66 85 5
4 47 64 4
7 92 103 4
5 182 187 10
4 82 109 1
1 35 38 1
7 6 32 6
1 41 60 1
3 95 100 4
10 101 118 9
2 40 46 2
8 111 127 7
2 102 114 1
13 105 129 17
9 180 193 8
4 70 93 5
6 32 39 7
4 42 47 4
4 38 45 4
6 87 99 3
3 112 126 2
13 92 107 18
3 18 32 3
7 86 106 4
8 151 165 4
3 64 80 4
5 3 14 2
6 77 88 6
4 93 102 1
1 113 123 1
4 137 144 1
8 31 45 8
2 24 37 1
7 142 152 6
2 109 126 4
5 47 53 8
2 171 178 2
2 32 45 1
4 63 83 3
1 31 43 1
6 49 64 6
1 106 121 1
4 80 93 3
1 23 39 1
2 172 183 1
11 120 139 11
3 46 56 1
5 171 180 5
3 42 58 1
2 51 85 3
1 128 137 1
3 158 168 4
6 38 48 6
8 45 63 9
11 102 126 9
1 58 61 2
6 110 124 7
8 146 161 8
6 24 36 4
3 49 73 2
1 143 153 2
5 45 55 4
17 81 101 22
3 108 120 2
3 18 33 4
3 135 146 3
1 109 125 1
5 51 70 4
24 48 78 31
5 114 124 4
7 105 128 4
15 86 103 21
1 79 86 4
7 42 54 6
5 80 97 3
1 167 174 1
3 86 97 6
7 44 52 8
3 39 43 2
1 80 87 1
13 43 67 11
16 34 67 15
1 90 98 1
11 126 149 12
3 12 20 5
14 71 96 13
9 133 171 11
4 84 102 3
1 46 60 1
3 41 51 1
1 104 114 1
1 112 120 1
8 105 129 6
2 109 136 3
2 67 73 1
2 110 117 1
6 29 45 6
2 3 11 2
3 47 53 4
1 47 56 2
1 115 118 2
2 100 107 3
2 80 85 3
5 107 113 2
3 111 139 1
2 71 82 1
6 103 118 3
12 58 75 12
5 43 53 5
3 54 71 2
5 7 14 4
1 98 103 1
5 81 91 5
4 80 93 5
6 66 80 5
1 62 68 1
12 153 165 17
5 101 123 4
2 107 120 1
4 36 49 5
3 10 24 5
11 44 63 12
3 150 155 5
10 67 85 15
10 116 138 9
3 30 43 1
3 79 86 2
4 18 27 1
6 100 113 4
5 27 36 1
4 44 48 5
8 90 117 6
5 111 119 4
8 107 117 10
2 143 153 1
9 38 52 12
1 128 151 1
5 117 130 8
5 37 47 7
6 86 98 6
2 10 13 1
13 28 65 11
1 154 163 4
9 98 118 8
2 135 143 2
5 113 128 1
11 90 109 10
6 84 93 8
2 100 113 2
6 56 76 7
5 163 173 3
3 137 142 1
1 4 6 1
1 38 44 1
9 87 103 8
7 23 36 6
1 37 38 1
1 53 57 1
6 87 100 6
15 102 119 20
2 39 42 1
7 118 132 9
1 25 31 1
3 90 102 1
5 43 53 5
3 112 120 1
